 186 109 246 114 192 167 235 172 165 96 201 94 229 95 267 100 158 113 174 111 196 110 237 114 259 117 275 122 209 154 201 152 222 153 213 164
 134 96 181 98 138 143 174 145 119 85 145 89 168 91 197 91 115 97 127 96 142 97 174 99 188 100 201 101 157 120 151 125 164 125 156 139
 178 85 229 80 191 133 225 130 162 76 187 74 217 69 243 66 156 90 170 88 188 84 219 81 237 80 252 79 206 100 199 108 212 106 206 123
 194 85 237 85 202 138 229 137 178 78 210 75 222 76 254 78 173 86 186 86 201 86 230 86 245 86 256 89 216 110 210 117 224 116 215 130
 145 73 197 71 155 132 192 132 126 68 155 65 182 62 214 60 121 76 136 74 154 73 188 72 206 72 222 71 172 102 164 108 182 108 173 125
 190 111 237 110 195 162 234 161 171 102 202 100 224 100 252 99 170 112 182 112 198 111 229 111 244 110 254 110 216 140 205 141 225 140 216 156
 132 93 175 93 131 143 172 143 116 84 143 83 162 83 188 80 113 94 124 94 140 93 168 93 184 93 193 94 153 116 144 119 162 119 152 135
 138 103 181 102 142 146 179 145 122 97 148 95 172 92 196 92 120 106 132 105 146 103 174 103 188 103 201 103 159 113 154 122 164 121 159 137
 163 122 221 122 166 180 219 180 142 112 175 106 205 106 241 111 138 125 151 124 175 124 209 124 231 124 244 125 193 150 186 156 200 157 193 172
 167 56 216 55 172 108 213 108 151 46 179 47 203 45 233 45 150 57 160 57 174 57 208 55 224 56 234 56 190 83 181 85 201 84 191 102
 182 89 232 90 191 139 227 139 164 79 192 78 222 77 249 78 160 92 174 91 191 90 225 90 240 91 255 91 208 107 201 113 215 113 208 130
 137 109 195 113 144 182 181 183 118 95 153 96 182 100 219 105 115 109 128 110 146 111 186 114 205 116 219 118 164 147 154 153 172 154 163 175
 126 112 168 110 132 161 167 159 110 103 135 103 157 103 181 100 108 112 119 112 132 112 161 111 175 110 186 110 146 142 138 141 157 140 148 155
 167 107 234 110 174 167 226 170 145 92 184 89 218 90 258 96 136 110 155 109 179 107 224 110 248 113 266 117 196 154 186 151 210 152 200 166
 170 112 231 114 169 183 225 187 143 101 187 97 210 98 256 103 143 113 158 113 180 115 219 116 242 116 258 118 197 147 188 154 207 154 196 178
 155 111 214 115 163 184 202 184 135 95 171 95 203 99 237 104 131 111 145 112 165 112 204 115 224 117 238 119 185 148 175 153 193 154 184 177
 145 127 196 126 153 183 190 182 127 117 156 117 185 117 211 113 125 127 137 128 153 128 188 127 203 125 213 125 171 164 160 162 183 162 171 177
 162 100 224 98 165 165 214 164 140 90 179 83 205 81 244 86 134 110 151 105 172 102 213 100 234 102 248 104 190 127 180 137 200 137 188 150
 116 60 165 61 115 122 159 123 98 51 128 51 152 51 183 51 94 61 106 61 124 62 157 62 175 62 186 64 136 97 126 95 148 97 136 117
 113 97 156 97 117 145 150 145 96 89 124 88 144 87 170 86 94 97 105 97 120 98 148 98 164 97 174 97 132 122 124 126 142 126 133 139
 180 80 222 80 183 120 222 118 165 73 187 67 212 69 234 73 162 83 171 82 187 81 214 80 230 81 237 84 202 98 194 103 209 102 203 113
 181 54 229 54 184 106 225 106 163 46 195 44 217 43 246 45 163 56 174 56 188 55 221 54 236 54 246 55 205 83 194 83 216 84 204 99
 153 95 214 96 156 167 211 167 129 89 172 83 192 85 238 89 127 99 143 96 165 96 203 97 225 97 241 100 181 127 171 134 193 134 183 157
 169 87 224 85 174 150 223 149 143 74 183 75 205 74 248 72 143 90 158 88 180 89 214 87 235 86 250 88 196 125 187 127 206 126 197 144
 168 118 209 120 172 158 202 159 155 110 178 108 200 109 221 110 151 118 161 119 175 119 202 120 215 121 223 121 189 139 182 143 195 143 187 154
 136 90 185 93 143 152 174 153 116 81 155 80 170 81 205 87 114 91 128 90 144 92 177 94 194 94 206 98 160 124 153 128 167 129 159 145
 163 135 225 130 170 195 223 193 139 123 181 121 205 118 245 115 136 137 152 137 174 135 216 132 237 130 250 129 194 169 183 173 207 172 195 190
 171 75 208 73 177 113 206 110 158 70 178 69 196 70 220 67 155 78 165 76 177 76 202 74 214 74 225 75 192 93 186 97 198 97 191 108
 154 116 210 120 161 187 199 187 134 102 168 102 199 105 233 110 130 117 144 117 163 118 200 121 220 122 234 125 181 153 172 158 189 159 181 180
 195 82 256 81 207 146 251 145 174 69 207 67 240 68 277 67 169 83 184 84 206 83 246 83 267 83 282 83 228 106 219 112 237 112 228 133
 177 138 243 141 178 195 232 197 159 117 193 127 234 131 260 125 147 136 166 137 188 139 231 143 252 142 262 144 216 176 202 180 224 180 209 193
 177 100 236 101 184 158 227 159 161 84 191 89 223 90 254 88 156 101 169 101 187 101 226 103 245 104 257 105 207 121 199 129 213 130 206 147
 158 109 213 110 165 159 205 162 138 97 174 94 198 94 234 96 133 111 149 111 166 109 205 110 224 111 241 110 183 148 174 143 194 143 185 152
 170 111 226 111 175 163 219 165 151 96 184 94 213 94 248 98 144 112 161 112 178 111 218 111 237 113 253 112 197 149 187 145 207 146 199 158
 171 112 233 115 179 171 224 175 148 99 187 95 216 95 255 100 142 117 159 115 182 113 224 115 246 118 263 122 197 157 189 155 210 155 202 168
 210 113 254 115 217 168 246 168 191 105 226 102 241 104 272 108 188 116 202 114 217 114 247 114 263 116 274 117 233 138 227 143 238 143 234 157
 172 85 226 85 178 144 220 146 150 81 186 75 212 72 247 80 148 89 163 87 181 87 217 87 235 87 248 89 198 114 190 119 208 120 199 140
 177 101 220 100 189 147 215 148 160 95 190 89 210 88 236 92 159 104 170 103 185 101 214 100 227 101 236 102 202 121 194 125 209 125 201 141
 183 88 225 87 189 130 222 130 169 79 192 80 212 80 239 79 166 90 176 89 189 88 219 88 232 88 245 89 205 107 198 112 211 112 205 123
 158 73 205 76 164 124 197 124 140 63 169 64 193 66 224 68 138 74 150 74 165 75 198 77 213 77 227 78 183 92 175 99 189 100 180 114
 132 133 178 130 140 180 176 177 115 125 141 122 166 121 195 118 114 135 123 135 138 132 171 130 188 130 200 129 154 145 150 152 161 151 156 166
 165 108 206 107 174 151 204 150 151 101 174 101 194 100 219 98 148 111 158 110 172 109 200 108 214 107 226 108 187 126 181 132 193 131 188 144
 163 90 215 91 169 143 203 145 147 82 176 81 202 82 230 83 143 92 154 90 171 91 206 92 221 93 235 94 187 118 179 122 195 123 185 137
 174 73 211 72 180 111 208 110 161 68 182 66 199 67 223 65 158 76 168 74 180 74 205 73 218 73 228 73 196 91 189 96 202 95 195 107
 127 117 170 119 128 168 163 168 112 107 139 109 158 110 184 109 110 117 120 117 133 118 163 119 177 119 188 119 146 144 138 145 156 146 145 160
 167 111 228 107 180 171 224 173 147 99 180 92 215 91 247 92 143 116 158 113 178 111 218 109 238 108 251 112 202 137 192 142 211 143 202 161
 145 119 200 122 154 188 190 188 126 108 159 108 188 109 223 113 124 121 136 120 154 121 192 123 210 123 224 125 172 155 163 160 181 161 173 180
 138 73 184 73 143 118 178 117 123 66 148 62 172 63 198 67 121 75 130 74 147 73 175 74 191 75 201 76 161 95 153 100 168 100 161 112
 163 118 203 119 169 158 195 158 149 110 175 109 192 110 216 111 146 118 157 119 170 119 196 119 208 120 217 119 185 138 177 143 191 143 183 152
 197 125 243 126 202 170 239 170 181 118 208 118 229 119 257 117 179 127 190 127 205 127 236 127 250 127 264 127 222 151 215 155 228 155 221 167
 157 136 240 131 168 218 239 213 125 128 171 105 219 100 270 117 125 150 141 141 171 136 223 133 255 134 271 139 201 156 191 167 211 167 202 188
 170 58 216 54 175 106 219 102 151 49 180 47 205 44 232 45 151 60 161 59 177 58 208 54 223 54 232 55 195 85 185 85 206 84 196 99
 171 109 212 110 175 151 208 152 157 101 181 103 200 103 226 102 154 110 164 110 177 110 206 111 219 111 232 112 191 129 185 134 198 134 191 147
 176 69 233 69 180 133 231 133 149 55 190 57 214 57 258 56 149 71 165 70 187 72 222 70 244 70 260 72 202 109 193 110 213 109 204 127
 147 99 207 100 157 170 193 170 123 90 157 90 189 88 225 87 119 102 136 101 156 100 193 101 214 100 231 100 172 136 164 141 184 142 175 161
 204 89 257 87 211 144 254 144 186 84 216 79 246 78 270 75 180 92 194 90 213 90 248 88 266 87 276 87 231 119 222 122 241 121 232 141
 135 92 185 94 138 153 174 155 116 82 154 81 170 83 206 88 112 92 126 91 144 94 178 95 194 96 206 100 160 126 152 130 166 131 157 147
 150 114 212 118 159 191 200 191 129 98 166 99 201 102 237 107 126 114 140 115 161 116 201 119 223 120 239 122 180 154 170 160 190 161 181 183
 138 107 177 105 147 145 174 145 125 102 147 98 169 95 191 99 124 110 133 109 145 107 171 107 183 107 194 108 159 121 152 126 165 126 159 138
 132 101 175 100 139 143 169 142 117 93 141 93 165 90 190 90 114 104 126 103 140 101 167 100 182 100 195 100 153 110 148 119 158 119 154 130
 164 112 228 113 173 172 220 175 139 99 181 97 208 96 252 98 134 116 151 114 175 112 218 114 242 116 262 119 189 159 181 157 203 157 195 170
 163 58 249 58 170 148 234 148 131 45 182 41 220 44 278 46 132 65 146 60 178 59 232 59 263 61 281 68 200 101 188 108 216 109 201 141
 184 69 232 67 187 122 230 120 166 60 196 61 221 59 249 59 164 70 176 70 191 70 224 68 240 68 250 69 209 104 196 101 220 101 208 116
 159 114 223 114 170 174 217 177 134 102 174 97 204 96 245 98 128 121 146 116 170 114 213 115 237 117 257 121 184 163 176 159 200 158 191 171
 144 61 206 61 155 117 200 118 124 46 158 43 190 43 226 44 117 64 135 63 153 61 198 62 217 63 235 62 173 103 164 101 185 101 177 115
 129 161 172 162 135 209 167 209 114 152 140 152 160 153 190 156 110 162 122 161 136 162 167 164 180 164 195 164 151 178 145 185 158 186 150 200
 163 97 225 94 168 156 215 155 141 83 179 73 206 71 245 76 137 101 152 99 172 97 215 95 236 95 250 97 190 117 181 127 201 127 189 142
 170 116 233 114 181 179 226 181 150 103 185 98 219 97 253 100 146 120 160 117 181 116 223 116 243 116 257 119 204 145 193 150 213 151 203 169
 184 97 234 96 195 159 229 156 164 89 203 85 222 85 252 87 163 99 175 97 194 98 227 97 244 96 253 98 217 128 208 133 223 134 216 149
 139 70 186 69 142 112 184 112 123 61 148 56 173 57 200 61 120 73 130 71 147 70 177 70 194 71 203 73 161 92 152 96 170 96 161 106
 183 84 233 79 195 132 232 128 169 73 193 72 224 68 248 66 162 89 176 86 193 82 223 80 242 79 255 78 210 97 204 105 216 103 211 124
 141 103 185 102 145 144 183 143 125 96 149 94 175 92 200 92 123 107 135 105 148 103 177 103 192 103 204 102 163 114 157 121 168 121 163 134
 170 102 210 102 175 145 207 145 155 95 179 96 198 95 224 94 152 104 163 104 175 103 204 103 218 104 230 104 190 121 184 127 196 127 190 139
 141 128 231 130 149 223 224 223 109 116 167 113 207 115 261 117 106 132 124 130 158 130 216 131 246 133 263 137 191 172 175 183 204 184 187 217
 181 115 242 114 190 182 237 180 160 106 197 104 229 103 266 105 154 120 169 117 192 118 233 116 254 116 265 115 213 146 204 151 223 151 215 169
 163 106 225 109 169 167 214 170 146 87 178 95 214 97 244 93 138 108 153 107 173 108 214 110 235 111 247 112 195 131 186 140 202 140 194 158
 171 82 225 81 177 142 221 141 149 79 183 73 210 70 246 76 146 86 161 84 180 84 215 83 233 83 248 84 196 111 188 116 207 117 198 137
 165 97 221 93 175 155 222 151 142 91 176 81 208 78 242 82 141 103 154 100 176 99 212 96 233 94 244 97 197 123 189 131 204 130 197 144
 195 117 243 120 198 164 235 166 180 109 204 106 230 108 258 113 178 119 187 118 203 118 233 120 250 121 261 122 216 141 208 146 223 146 216 159
 160 69 206 68 166 113 203 112 144 60 170 61 194 62 220 59 140 71 153 70 167 69 199 69 214 69 227 69 186 93 179 97 193 97 185 109
 148 92 200 95 154 156 191 157 131 79 162 78 188 81 220 86 128 93 140 93 157 93 191 96 209 97 221 99 173 123 165 129 180 129 173 149
 172 119 212 119 175 157 205 157 156 111 184 110 200 112 225 112 154 118 166 120 178 120 205 120 218 121 227 120 192 139 185 143 199 144 190 152
 182 93 226 93 189 140 225 139 166 83 193 86 213 86 242 85 163 94 174 94 188 95 219 95 233 94 246 92 204 117 198 122 213 122 205 136
 175 85 233 86 181 145 227 145 155 74 191 71 222 71 254 77 150 89 164 86 186 87 225 87 245 88 255 89 206 106 198 114 214 114 207 131
 157 84 208 84 162 138 203 138 137 76 168 77 194 76 225 74 132 85 148 85 165 84 198 84 216 84 230 84 183 116 174 119 192 119 183 135
 191 116 236 113 198 161 234 158 174 108 200 105 222 105 249 102 170 119 183 118 198 116 228 114 243 113 255 113 216 134 209 140 223 139 216 153
 192 74 227 74 199 112 226 111 181 67 202 68 218 68 241 67 178 75 187 76 198 75 223 75 234 75 245 74 211 89 207 94 217 94 212 105
 199 86 251 84 205 140 249 139 180 81 210 73 240 72 265 71 175 89 189 88 207 87 242 85 260 83 271 83 225 112 217 117 235 116 227 134
 179 73 216 73 183 111 213 110 166 68 188 67 206 69 228 66 163 75 173 74 185 74 210 74 223 74 233 74 201 92 194 96 207 96 200 107
 162 108 219 104 173 168 218 164 140 100 174 92 206 90 240 93 137 113 151 111 174 109 209 107 230 105 242 108 193 135 187 143 201 142 194 156
 134 76 191 75 137 136 189 135 112 67 148 61 172 61 211 66 110 79 124 77 144 76 180 76 200 77 213 79 160 97 152 106 171 105 162 125
 205 87 257 85 210 140 256 139 187 82 215 77 246 76 269 73 181 89 194 88 213 87 248 86 265 85 275 84 232 116 223 119 241 119 232 137
 162 92 223 88 166 158 216 156 139 83 178 75 203 72 243 77 135 102 151 96 171 94 213 91 234 93 248 95 189 116 180 127 200 126 189 144
 104 111 151 112 108 157 147 157 87 102 114 97 140 100 166 105 84 113 95 113 112 111 142 113 159 113 168 114 129 132 121 139 135 138 129 152
 169 110 232 113 178 170 223 174 147 96 184 91 214 92 254 98 141 115 157 112 180 110 223 113 245 116 263 120 193 156 186 153 207 153 199 167
 159 109 215 104 167 164 218 159 137 101 169 93 203 90 236 93 135 113 147 111 170 109 205 106 226 105 238 107 191 134 183 142 199 142 191 155
 126 81 182 81 131 143 178 141 105 70 137 72 166 73 198 66 102 82 116 82 134 82 172 82 191 81 204 80 153 124 141 120 166 120 153 137
 181 83 231 77 192 131 229 127 166 72 190 71 221 66 245 65 160 88 173 85 190 81 221 78 239 77 252 77 206 92 201 102 213 100 208 117
 151 109 193 110 153 156 191 155 135 101 161 104 183 105 207 99 132 109 143 110 158 111 187 111 201 109 210 109 173 145 162 141 183 140 172 152
 171 107 215 106 173 161 211 160 155 96 181 98 201 96 229 95 153 108 163 109 177 108 208 107 222 107 235 106 189 134 180 135 200 135 190 152
 174 115 229 117 171 180 224 185 148 105 190 101 210 102 253 108 150 115 162 115 183 118 219 119 240 118 254 120 197 148 189 155 206 155 196 177
 167 153 227 156 171 216 215 218 148 143 184 144 215 147 248 149 143 153 158 154 177 155 216 158 236 158 251 160 196 190 186 194 206 196 194 211
 180 110 241 112 183 168 229 170 162 91 192 98 227 101 257 96 152 111 169 111 190 111 228 113 249 114 260 115 210 137 201 143 218 144 208 162
 182 95 227 92 193 137 227 138 167 89 192 84 220 80 243 84 166 99 176 98 189 96 220 94 233 94 245 94 208 112 200 116 216 117 208 129
 155 85 238 85 159 174 233 173 117 61 175 56 212 55 273 60 112 87 137 85 171 85 220 85 253 85 277 88 192 124 180 130 207 129 193 157
 175 56 249 60 179 132 237 134 150 44 192 48 224 50 275 49 151 58 161 57 187 58 235 60 261 62 280 65 202 95 193 102 217 104 204 129
 136 133 181 132 144 188 176 187 116 128 152 122 167 122 198 128 114 136 128 134 143 133 174 133 189 133 201 135 160 158 153 164 166 164 161 178
 139 106 183 105 145 149 179 148 123 98 148 98 174 95 199 95 121 110 133 108 147 106 176 106 191 106 203 106 161 116 156 125 166 124 161 137
 158 149 218 152 160 208 208 211 139 139 173 139 206 141 238 144 134 149 149 150 168 151 208 154 227 154 242 156 187 185 177 189 196 190 184 205
 143 95 193 95 150 157 184 157 122 87 161 84 178 86 212 89 121 96 134 95 152 96 185 96 202 97 213 99 171 128 162 133 177 134 169 148
 145 111 225 112 148 191 221 190 116 98 167 95 198 97 252 100 115 118 128 116 162 111 209 111 242 116 258 118 181 137 169 148 196 149 183 180
 197 67 240 68 199 119 233 120 179 59 212 57 226 59 257 62 176 69 188 68 205 68 232 69 248 69 258 71 219 90 213 96 224 96 219 111
 159 88 208 91 164 140 196 142 143 80 173 80 198 82 224 83 137 88 151 89 166 90 200 92 215 93 227 94 184 117 176 120 191 122 180 134
 168 157 220 153 172 208 222 206 148 148 178 141 204 141 236 140 144 164 158 159 178 157 210 155 231 155 243 158 194 170 186 178 203 177 195 198
 127 101 170 100 134 143 165 142 113 93 137 91 159 89 185 90 110 104 122 103 135 101 162 100 177 100 190 101 148 109 143 117 153 117 149 129
 141 97 186 96 145 141 182 140 125 90 152 88 176 87 201 86 124 101 136 99 150 97 178 97 192 97 206 97 163 107 158 116 169 115 163 131
 178 111 240 111 187 178 232 177 157 101 194 99 226 98 262 101 150 116 166 113 188 113 230 112 251 113 262 113 209 140 201 146 219 146 211 165
 145 125 192 128 146 181 184 183 127 115 156 118 180 119 208 116 123 126 136 126 153 128 183 129 201 128 210 129 167 164 157 161 176 162 165 178
 179 112 240 114 187 172 230 174 163 94 192 101 231 103 258 98 155 114 170 112 190 113 230 115 249 115 260 116 213 139 204 146 220 146 211 163
 138 64 182 64 143 107 177 106 123 57 147 51 171 53 195 57 121 66 131 65 146 64 174 64 189 66 198 66 160 81 154 87 167 87 160 101
 121 96 183 97 124 170 178 171 92 81 137 80 165 80 211 84 90 98 111 97 132 98 172 99 193 98 212 99 150 133 140 137 160 137 150 158
 136 100 179 99 141 142 176 141 121 92 146 92 169 90 194 89 119 103 130 102 144 100 171 100 186 100 199 100 157 110 152 119 162 119 157 133
 152 103 193 102 159 144 191 144 139 95 161 97 181 95 208 94 136 105 146 104 159 103 187 103 200 103 213 102 172 123 167 128 179 127 174 140
 136 103 179 101 140 144 177 142 120 96 144 94 169 91 195 91 118 106 129 105 143 103 171 102 186 102 199 101 157 113 152 121 163 120 158 134
 118 125 165 129 122 182 155 183 99 117 137 115 153 117 183 125 96 127 110 126 126 127 157 130 174 131 185 135 143 152 136 158 148 159 141 173
 157 98 232 100 162 175 226 173 132 85 183 87 207 89 255 85 129 104 142 101 175 98 216 99 248 104 261 105 196 129 184 137 206 137 195 167
 169 76 205 72 177 112 206 109 155 71 175 69 193 68 217 64 153 79 162 77 174 76 199 74 212 72 223 72 190 91 184 96 196 95 190 107
 153 65 211 68 148 126 197 129 133 54 171 44 195 44 234 59 128 70 140 67 163 67 202 70 222 72 234 75 175 90 166 98 185 100 172 112
 187 97 238 96 197 155 234 153 166 84 201 86 225 85 257 87 164 98 178 98 195 98 231 98 246 97 258 96 216 121 208 127 224 127 216 145
 182 82 232 77 193 126 229 123 166 72 190 71 221 65 247 63 160 88 174 84 192 81 223 78 240 76 256 76 209 94 203 102 215 101 209 113
 160 104 212 108 164 159 198 162 143 95 173 96 202 98 230 100 139 105 152 105 167 106 203 108 219 109 233 111 184 137 175 139 192 141 181 154
 136 90 187 93 142 152 175 153 117 81 155 80 172 82 206 87 115 91 128 90 145 92 179 94 195 95 207 98 162 124 154 128 168 130 160 145
 172 98 233 95 182 162 229 160 146 94 187 85 217 80 255 88 145 103 161 101 183 99 222 96 242 96 258 98 204 129 193 134 215 134 205 157
 164 90 206 94 165 133 197 136 151 81 175 84 194 87 220 88 146 90 157 90 170 92 199 95 212 96 224 98 185 113 178 117 190 118 182 129
 147 99 198 102 151 153 187 156 130 91 160 91 189 93 215 94 125 100 138 100 154 101 190 103 206 104 218 105 173 131 164 134 181 136 169 148
 196 81 239 80 206 133 233 132 179 75 211 71 225 71 256 73 176 84 188 82 204 82 231 81 247 81 257 84 220 104 214 111 227 111 220 124
 160 117 225 118 168 180 214 181 144 99 174 106 213 108 243 102 135 119 151 117 171 118 213 120 234 120 248 120 193 148 184 154 201 154 193 173
 113 92 158 91 117 140 154 140 95 84 125 82 146 80 173 80 93 93 105 92 121 92 150 92 166 91 177 91 136 118 127 121 146 121 136 134
 149 114 204 114 157 167 201 168 130 101 164 99 190 98 225 99 123 116 140 117 158 114 196 114 216 116 233 115 175 153 167 149 186 150 180 163
 158 89 200 91 161 130 195 132 145 80 169 81 187 83 213 83 141 90 152 90 165 90 193 91 207 92 219 93 179 108 172 113 185 114 178 125
 164 135 256 132 173 230 251 227 129 120 188 121 229 122 287 121 127 139 146 138 180 137 240 135 271 134 288 138 212 186 196 194 229 193 213 227
 150 74 201 74 162 135 191 135 131 67 160 64 187 63 220 62 126 77 141 75 159 74 192 74 210 74 226 74 175 101 168 107 183 106 176 124
 153 89 210 90 164 159 199 160 132 81 165 82 196 80 231 79 125 92 142 90 162 90 199 91 219 90 237 91 180 125 171 130 190 131 181 150
 180 95 234 96 184 150 227 150 162 86 195 84 224 84 253 89 157 99 170 97 190 97 225 98 245 98 254 100 208 117 201 124 216 124 208 139
 174 67 219 64 176 117 220 114 155 59 185 58 211 55 236 55 154 69 166 68 181 68 212 65 227 64 236 66 201 101 187 97 211 97 200 110
 137 135 186 132 147 183 183 180 121 126 148 124 173 122 202 121 119 137 128 137 144 135 177 133 195 132 208 131 160 149 156 156 168 155 163 170
 188 88 232 89 197 141 224 140 172 80 203 78 217 79 248 82 167 90 180 89 196 90 223 90 240 90 250 93 211 114 205 119 218 119 210 133
 194 82 237 82 202 134 229 134 178 75 210 72 222 73 254 76 173 83 186 82 201 83 230 83 245 83 255 86 216 107 210 113 223 113 215 127
 224 104 271 104 230 149 265 149 210 91 235 94 260 95 286 92 206 105 217 105 232 104 263 104 279 105 288 106 248 122 242 127 254 127 248 141
 139 133 186 129 149 181 182 178 122 126 149 122 174 120 203 118 119 135 130 135 146 132 178 130 196 130 208 128 161 144 157 152 169 150 164 165
 176 66 222 66 177 118 220 116 158 57 187 57 212 56 240 58 157 67 168 67 182 68 215 67 230 67 239 69 199 99 187 97 210 98 198 112
 138 69 184 69 141 123 182 122 122 60 148 60 172 59 200 57 119 71 129 70 146 71 176 70 194 69 206 68 156 101 148 101 168 101 158 116
 152 88 236 87 157 181 229 179 114 67 172 61 209 60 271 63 109 91 134 90 166 89 219 89 251 88 275 89 190 130 177 137 204 136 191 164
 204 86 257 83 210 140 256 138 187 80 215 78 246 76 271 71 179 87 194 87 213 87 248 85 265 82 275 81 231 120 222 121 243 120 233 137
 161 94 204 97 163 137 197 138 147 86 171 89 192 90 217 90 142 95 154 95 167 95 197 98 210 98 222 100 183 117 176 121 189 122 181 134
 153 114 202 115 160 162 193 164 138 104 167 105 189 106 218 105 131 114 147 115 161 115 194 116 209 116 221 116 177 140 170 144 184 144 176 156
 182 106 242 108 183 158 238 160 165 89 197 96 230 98 262 94 160 107 173 107 192 108 232 109 252 111 265 113 211 132 203 139 220 139 210 153
 187 129 233 132 188 177 221 178 169 120 195 123 220 126 245 124 164 130 177 130 192 131 224 132 238 132 249 133 212 156 203 160 217 160 207 172
 175 106 229 106 174 171 226 174 149 98 190 91 208 92 252 96 151 108 163 108 184 109 219 110 239 108 253 110 199 135 192 143 208 143 199 164
 138 135 186 131 150 181 181 179 122 126 148 123 174 121 202 118 119 137 128 137 146 134 178 132 196 132 208 131 161 149 157 155 169 155 164 171
 178 70 216 68 180 105 216 103 165 64 187 63 206 63 226 60 161 72 171 72 184 71 210 69 221 68 230 68 201 86 193 91 208 91 200 100
 148 62 187 63 151 100 184 100 135 54 157 50 179 53 200 57 132 64 141 63 155 62 180 63 194 65 202 67 169 78 162 83 174 83 168 95
 119 104 164 106 121 155 156 156 102 95 130 96 152 96 179 96 101 104 111 104 127 106 156 107 172 106 182 106 138 135 130 136 149 137 139 151
 157 131 226 133 156 202 216 204 131 121 173 118 211 117 251 124 128 133 143 133 167 134 215 136 240 137 255 141 188 163 177 171 199 172 188 191
 127 64 180 66 129 121 175 122 108 52 142 52 166 53 199 54 106 64 119 66 135 65 172 66 189 66 200 67 153 94 142 96 164 97 152 114
 169 81 224 82 175 142 218 142 148 77 182 72 208 70 245 77 145 86 160 84 179 83 214 84 232 84 247 85 194 111 186 116 204 117 196 137
 163 113 219 114 171 163 212 166 144 100 179 98 206 97 239 101 140 114 156 115 171 113 210 114 228 115 246 114 188 153 179 147 199 148 191 156
 164 123 207 125 171 167 199 167 149 117 177 116 193 117 221 118 145 125 159 124 171 124 200 126 213 126 224 127 186 146 178 150 191 150 184 160
 114 92 159 92 117 144 154 143 98 82 126 84 146 84 173 82 96 93 107 93 120 93 151 94 166 93 177 93 134 120 126 121 144 122 134 137
 177 107 239 109 185 167 232 169 157 92 193 89 222 91 262 95 149 111 166 109 189 107 229 109 251 112 269 115 203 148 195 148 216 148 208 162
 155 139 223 141 162 205 212 207 138 120 169 129 211 131 242 124 126 142 145 140 167 141 210 143 233 143 247 145 190 174 180 180 199 180 188 200
 146 128 230 121 157 211 231 204 114 119 162 98 208 92 260 107 113 142 131 134 161 128 213 123 246 125 262 128 190 147 180 158 201 158 192 179
 141 114 184 115 145 161 180 162 125 105 152 105 173 107 199 105 123 114 134 114 148 115 177 116 191 115 201 116 163 145 154 145 172 144 162 157
 170 106 225 106 176 158 220 160 151 92 184 88 211 88 247 93 146 107 161 108 178 105 217 105 236 107 253 106 195 142 187 139 205 139 198 153
 136 133 184 130 146 181 180 179 121 125 147 123 171 122 201 119 118 135 127 135 143 132 176 130 194 130 206 129 159 146 155 153 166 152 161 167
 146 142 205 142 153 204 192 206 127 133 159 132 190 133 223 134 125 145 138 144 154 143 194 144 213 145 230 146 169 176 162 181 179 182 170 198
 153 89 210 90 164 159 199 160 132 81 165 82 196 80 231 79 125 92 142 90 162 90 199 91 219 90 237 91 180 125 171 130 190 131 181 150
 200 109 248 112 206 171 238 173 179 102 218 100 233 102 267 107 177 111 191 110 208 111 239 113 256 114 269 116 225 141 217 146 229 147 223 162
 167 157 227 158 169 218 223 218 145 145 179 140 216 140 249 147 142 159 155 159 179 159 216 160 238 161 250 162 198 184 190 192 204 193 198 206
 163 65 209 67 162 116 203 118 144 55 176 56 196 58 224 57 141 65 155 65 170 66 201 68 216 67 226 68 186 98 175 97 195 97 184 112
 172 90 236 89 172 157 238 154 142 73 188 76 214 75 264 75 143 92 160 91 184 93 223 92 248 90 266 94 201 134 190 136 214 135 202 152
 169 93 217 93 171 135 217 133 153 85 179 81 204 82 230 85 149 97 160 95 178 94 208 94 225 94 233 97 194 116 185 120 203 121 194 131
 137 137 187 133 147 185 185 182 121 128 148 125 175 123 205 122 116 140 129 138 145 136 179 133 196 133 210 132 162 149 157 157 169 156 164 172
 137 129 183 130 140 183 174 184 119 124 155 118 169 119 199 127 117 132 130 129 144 130 176 131 190 131 200 134 161 153 154 160 167 161 160 172
 158 85 209 86 165 144 200 144 138 77 169 78 196 77 227 75 132 86 149 86 166 85 199 86 217 86 232 87 183 118 174 122 192 122 183 139
 178 63 225 64 178 113 221 113 161 54 191 54 215 53 242 55 159 64 171 64 185 64 217 64 232 64 242 65 201 96 189 93 213 94 200 106
 176 91 226 91 181 143 223 142 157 81 185 80 214 81 243 80 152 93 166 92 184 92 219 92 235 93 249 93 202 112 194 118 209 118 201 137
 161 100 224 94 168 162 219 158 137 89 178 81 202 77 244 78 134 105 149 102 170 99 214 95 235 95 249 95 189 122 180 131 201 130 191 149
 145 58 189 56 153 107 187 105 129 54 153 50 177 47 203 45 125 63 138 60 153 58 182 57 197 56 210 56 169 80 161 85 177 85 169 100
 151 80 236 86 149 177 224 180 116 55 176 57 213 61 274 67 109 79 135 80 167 84 220 88 252 88 277 93 189 134 174 137 202 138 186 167
 179 95 237 95 187 157 231 155 160 86 196 85 225 83 258 86 155 98 168 97 190 97 228 97 248 97 259 97 210 124 201 130 219 130 211 147
 142 77 188 74 152 127 184 126 126 72 150 71 174 68 201 63 122 79 136 77 151 77 180 76 194 75 209 73 166 105 158 110 175 110 166 123
 154 110 210 115 159 181 196 182 136 96 169 97 199 101 233 106 132 110 145 111 163 112 201 116 220 118 233 120 180 146 171 152 187 153 179 173
 148 142 215 141 151 223 209 223 119 132 163 130 194 131 238 130 117 146 131 145 160 146 200 145 232 144 244 145 178 182 168 188 191 188 179 214
 158 98 219 99 160 171 217 170 133 92 176 86 198 88 244 92 131 101 147 99 169 100 208 100 230 101 247 103 186 133 175 139 199 139 187 162
 167 112 232 115 174 176 220 178 151 94 181 102 220 105 251 100 142 114 158 113 178 114 221 116 242 117 255 118 199 142 190 149 207 150 199 168
 178 148 237 150 185 212 225 213 159 138 196 137 225 139 258 141 153 147 168 148 188 149 227 152 246 152 260 154 208 183 199 187 217 188 206 204
 196 118 242 121 198 163 235 165 181 109 207 111 230 113 257 113 176 118 189 118 203 120 235 121 249 122 263 123 219 143 212 147 226 149 218 159
 190 76 226 76 195 113 225 112 178 67 200 69 216 69 239 69 175 76 184 76 196 77 220 77 232 77 242 76 209 93 204 98 215 98 209 109
 191 69 225 69 198 105 222 104 179 62 200 61 216 61 239 62 177 69 186 69 197 69 221 69 231 69 241 69 209 80 205 86 215 86 210 96
 207 114 251 117 206 166 244 168 189 104 223 104 238 107 269 111 186 114 198 114 216 115 244 117 260 119 271 120 228 139 221 145 235 146 227 161
 175 89 219 88 184 130 216 132 159 84 185 77 212 74 234 80 159 93 169 92 182 90 213 89 225 90 237 91 200 105 192 110 206 110 198 123
 177 63 247 61 183 131 244 129 151 51 192 49 223 50 269 52 149 69 164 66 188 64 234 62 258 63 273 65 208 94 198 101 223 100 210 123
 174 103 229 99 185 162 229 158 152 95 186 87 218 85 250 88 149 108 162 105 186 104 220 102 241 100 252 102 206 129 199 136 213 136 206 150
 160 123 202 123 167 165 194 165 145 116 173 114 190 114 215 115 141 124 155 124 167 123 194 124 208 124 217 124 182 144 174 148 188 148 181 158
 159 88 217 84 162 150 210 148 137 79 174 66 197 64 234 71 133 97 148 92 167 89 207 86 227 88 242 91 183 108 175 120 194 119 183 136
 165 114 221 114 173 164 214 166 147 100 181 98 208 97 241 100 142 115 157 115 174 114 213 114 231 115 248 114 192 153 182 147 203 148 194 157
 165 115 228 113 175 179 222 181 142 106 179 98 211 96 250 100 139 121 154 118 176 116 217 114 238 115 253 117 196 144 187 149 207 149 196 169
 167 157 231 155 171 220 226 220 143 145 186 145 213 143 252 141 137 157 156 158 178 158 221 157 242 155 255 154 199 202 186 201 214 201 199 220
 163 107 220 104 172 164 223 161 141 99 175 91 208 89 241 93 138 113 151 110 175 109 210 107 232 105 244 107 195 134 188 143 203 141 195 156
 202 82 254 80 210 138 252 137 185 77 213 74 243 73 268 69 177 85 192 84 211 83 245 82 263 80 273 79 229 115 220 117 239 116 230 134
 157 106 209 108 163 164 201 164 137 97 167 96 195 98 228 100 134 112 146 107 166 107 200 110 218 110 235 114 181 133 174 138 189 139 180 155
 178 105 219 104 185 145 215 147 163 99 187 95 210 92 232 96 163 108 172 107 185 106 212 105 224 105 235 106 198 123 192 127 205 127 198 140
 182 106 244 102 189 165 247 161 161 99 199 92 231 89 265 90 157 112 171 109 194 108 235 104 256 102 268 104 218 128 209 137 228 136 219 153
 195 110 257 112 201 169 248 171 180 92 208 99 245 101 275 96 173 113 186 111 205 112 247 113 267 114 279 116 226 136 217 143 234 144 225 160
 155 129 206 125 165 181 203 178 134 121 166 118 194 115 225 113 131 134 146 131 164 128 198 126 215 126 230 124 181 141 176 149 189 149 183 166
 167 156 226 158 169 216 217 219 148 147 182 147 215 149 247 151 143 157 158 157 177 158 217 160 236 161 251 162 196 194 186 197 205 199 193 213
 139 112 183 112 143 163 178 163 123 103 150 103 173 104 197 101 120 112 132 112 146 113 176 113 190 112 200 113 162 146 152 144 170 144 161 158
 146 123 192 129 145 169 181 172 132 109 158 115 181 118 208 120 124 122 138 124 153 124 184 128 199 130 211 132 170 148 161 152 176 153 166 166
 174 96 217 93 185 139 216 139 156 92 184 83 209 79 233 83 158 101 167 98 182 96 211 94 224 94 234 94 199 112 192 117 206 117 199 131
 180 81 230 75 189 130 230 125 164 70 189 69 219 64 244 63 158 87 172 84 188 80 220 77 239 75 252 75 204 90 200 100 212 98 207 115
 169 113 235 114 169 191 231 194 139 102 187 94 213 95 263 101 140 114 155 114 181 116 223 117 248 116 265 118 200 150 190 159 210 159 199 185
 201 110 245 111 208 162 237 162 184 102 217 99 231 101 263 106 181 113 193 111 209 111 238 111 253 112 265 113 223 133 218 139 228 139 224 153
 137 77 200 82 131 141 187 146 115 62 156 61 183 63 225 69 109 80 126 78 148 79 190 83 212 86 226 88 163 107 152 114 173 117 159 131
 172 73 210 72 178 110 207 108 159 68 180 65 197 66 221 64 157 75 166 73 178 74 203 72 216 72 226 72 193 90 186 94 199 94 193 105
 146 62 192 59 156 114 188 113 129 57 154 54 179 50 207 48 125 66 139 63 154 62 184 61 200 60 214 59 170 86 162 91 178 91 171 107
 172 129 230 128 177 190 226 189 150 118 184 112 219 113 252 118 148 129 160 130 184 130 220 131 243 129 254 130 204 158 196 166 210 166 203 178
 157 124 241 124 165 211 228 210 128 115 176 107 213 109 269 112 127 130 142 126 170 124 225 125 255 128 273 130 191 159 181 170 207 170 192 203
 146 126 196 122 155 176 195 173 125 118 156 115 184 113 214 110 123 131 138 128 154 125 188 123 205 123 219 121 172 137 166 145 179 144 173 162
 173 65 219 64 175 116 220 114 154 56 184 56 209 54 236 56 153 66 165 66 179 66 211 65 227 64 235 66 198 97 186 96 208 96 197 110
 135 132 182 132 143 190 174 190 115 125 152 121 168 122 200 128 113 134 126 133 142 133 174 134 190 134 203 137 159 160 153 166 165 166 160 180
 167 118 207 118 172 158 198 159 152 111 179 110 194 111 220 112 148 118 161 119 173 119 201 120 212 120 222 120 188 138 181 143 193 143 185 152
 156 74 236 74 166 156 229 154 126 62 178 55 212 58 263 63 122 81 141 77 171 73 222 74 250 78 266 82 199 103 186 114 210 115 197 147
 193 93 236 92 201 136 234 134 179 85 203 86 224 86 250 83 175 95 187 95 200 93 230 93 243 92 256 93 218 115 211 119 224 119 217 130
 174 101 224 104 176 151 219 151 157 89 184 89 211 92 241 94 155 105 165 102 183 102 215 104 233 107 248 109 196 123 189 128 204 128 196 145
 120 121 174 123 127 181 166 182 100 110 133 109 157 110 196 115 97 124 110 122 128 122 166 124 183 125 201 126 146 139 138 149 154 150 145 168
 131 100 191 103 129 168 186 170 103 84 147 86 174 88 219 91 100 100 120 100 142 103 181 104 202 104 221 105 158 140 148 142 169 143 158 160
 176 66 258 69 184 155 246 156 147 55 199 53 234 57 286 59 144 71 161 69 192 69 244 70 272 73 287 76 218 110 204 117 232 118 216 147
 181 77 222 77 189 121 218 121 168 69 192 69 210 69 238 70 166 79 175 78 188 78 216 78 229 78 241 78 202 93 197 99 209 99 202 112
 207 75 259 73 214 130 258 128 190 70 220 66 248 65 273 61 183 76 197 76 217 76 251 75 268 73 278 72 234 105 226 108 244 107 236 126
 187 87 231 88 193 139 222 140 171 80 202 78 217 80 248 82 167 89 179 88 195 89 224 89 238 89 249 92 209 114 202 119 216 119 208 134
 174 103 230 98 183 159 234 153 151 96 186 86 218 83 250 87 150 109 163 105 185 103 221 100 241 99 252 99 207 126 200 135 214 134 208 149
 156 109 210 109 164 160 206 162 137 95 171 93 198 92 232 95 132 110 148 111 165 109 203 109 223 111 240 110 182 147 173 143 192 143 185 156
 133 53 179 51 135 106 177 104 117 43 143 42 164 42 193 39 114 55 123 54 141 54 171 53 189 52 199 51 150 83 142 84 162 84 152 100
 154 104 212 107 161 176 200 177 134 89 169 89 200 91 235 97 131 104 144 105 163 105 202 108 222 109 236 112 181 140 173 146 189 147 181 168
 151 103 195 104 153 153 192 152 135 95 161 98 185 99 209 93 132 103 143 104 159 105 188 105 203 103 212 103 174 141 163 137 184 136 173 148
 176 110 237 113 184 169 228 173 156 97 192 94 220 95 260 100 149 115 164 112 186 111 227 113 249 117 267 121 200 154 192 152 213 153 205 166
 196 120 243 123 199 165 239 165 181 111 207 109 233 111 259 116 177 120 189 121 205 121 235 123 251 124 262 125 219 145 212 149 226 149 219 162
 184 86 235 81 197 137 230 133 168 77 194 75 225 71 250 69 163 91 176 88 194 85 225 82 243 81 256 81 211 100 205 108 217 106 212 122
 201 108 250 113 200 165 238 169 181 100 220 98 235 100 270 108 180 110 192 107 209 110 241 114 258 115 271 118 223 140 215 144 228 146 220 161
 144 94 188 93 147 137 185 135 127 87 153 85 178 83 203 83 126 98 138 96 151 94 179 94 194 93 208 94 165 103 160 112 170 111 165 126
 154 78 237 79 156 165 233 163 114 54 174 46 212 46 273 55 111 79 135 78 172 77 219 77 254 78 276 80 192 113 179 119 206 118 193 146
 169 109 210 106 178 151 209 149 154 102 178 101 198 99 223 97 151 112 162 111 175 109 204 107 218 107 229 107 193 126 186 132 199 131 193 144
 139 59 201 59 150 115 195 118 119 46 156 42 183 42 222 43 113 63 130 62 148 60 193 60 212 61 232 61 168 104 159 99 181 100 172 113
 153 78 202 80 152 134 194 136 134 67 167 68 186 70 219 69 131 77 144 77 160 79 194 81 210 80 222 81 175 113 164 112 185 113 174 129
 166 118 208 120 171 158 202 158 152 110 176 107 197 108 220 109 149 119 159 119 173 119 200 120 213 121 221 120 188 138 181 143 194 143 186 154
 171 59 241 61 175 132 228 133 147 47 187 46 216 48 264 51 145 63 157 61 182 60 227 62 252 64 268 68 199 90 190 98 212 99 199 124
 161 105 215 105 168 156 210 158 141 92 174 88 200 88 236 92 136 107 151 107 169 105 208 105 226 107 242 105 186 142 178 138 197 138 189 147
 172 132 231 131 178 194 228 193 150 121 185 115 218 114 252 120 148 133 161 134 184 133 219 133 242 133 254 133 203 159 196 167 209 167 202 179
 131 134 178 130 140 181 175 179 115 125 141 123 166 122 194 118 112 135 122 135 138 133 171 131 188 131 199 129 153 145 149 153 160 152 155 167
 205 117 258 121 210 184 244 186 182 109 224 107 241 110 278 115 181 119 195 118 214 119 247 122 266 123 280 127 230 153 221 158 235 159 228 175
 158 81 212 81 162 132 208 131 138 76 172 69 201 66 233 73 136 86 149 83 169 83 203 82 223 83 233 84 185 100 179 107 194 107 186 122
 166 116 230 114 180 181 224 183 142 110 184 100 216 97 253 102 140 122 155 119 178 117 221 116 241 116 254 118 201 148 191 152 212 153 200 173
 162 97 226 95 168 164 216 162 140 87 179 78 206 76 246 82 135 106 151 102 172 99 215 97 236 98 250 100 190 127 181 135 202 135 189 151
 189 90 233 91 198 143 226 143 173 82 207 81 220 82 250 84 169 92 181 91 198 92 226 91 242 92 251 95 214 117 207 122 221 122 213 137
 155 123 227 123 164 197 215 197 136 112 173 111 208 112 245 111 128 128 142 126 171 126 212 126 241 127 253 127 190 162 177 166 203 166 189 185
 162 154 214 151 167 208 214 206 142 144 171 139 199 139 229 136 138 159 153 156 171 154 204 152 224 152 237 154 187 169 180 176 196 176 188 197
 176 63 224 62 180 115 221 113 159 54 189 54 212 52 240 53 157 64 168 65 183 64 215 63 231 62 241 63 200 93 190 93 211 93 199 109
 147 75 194 77 151 121 187 121 131 67 157 63 182 66 209 71 127 76 139 76 155 76 184 78 201 78 211 79 170 99 162 104 177 104 170 118
 125 95 183 98 124 162 177 164 98 80 142 81 167 83 209 87 95 95 115 96 135 98 173 100 193 100 211 100 153 132 143 135 162 136 151 152
 180 82 230 77 190 131 228 126 165 72 189 71 219 66 244 65 158 87 172 85 189 81 220 78 238 78 251 76 205 91 200 102 211 100 207 117
 201 77 251 74 209 128 250 127 184 72 211 66 239 64 264 63 179 79 191 78 210 78 242 75 259 74 270 74 225 104 218 108 235 107 227 125
 141 60 203 62 150 116 194 119 121 45 158 44 186 45 225 47 115 62 132 62 150 61 194 62 214 64 233 64 167 105 159 100 180 101 171 115
 141 60 185 61 140 112 181 111 124 50 152 51 173 51 199 49 123 61 133 61 147 61 178 62 192 61 202 61 161 92 151 90 173 90 161 104
 174 69 211 67 177 104 211 102 162 63 182 61 199 61 222 59 159 71 168 70 180 69 205 68 217 68 227 68 194 84 188 89 201 89 194 98
 147 73 194 75 151 120 187 120 132 65 158 61 183 63 209 68 130 75 139 74 156 74 185 75 201 76 212 77 170 95 163 101 177 101 170 114
 192 112 240 115 195 159 232 161 177 104 202 101 229 104 255 109 174 113 184 113 201 113 231 115 248 116 259 117 214 137 206 142 221 142 214 155
 135 132 182 129 143 178 180 176 119 124 145 121 170 120 199 118 117 134 126 134 142 131 175 130 192 130 204 128 157 144 153 151 164 150 159 164
 164 82 205 83 170 125 195 126 151 77 174 75 196 76 218 77 148 84 158 83 170 83 198 84 211 84 222 85 183 105 177 108 189 109 182 119
 162 56 222 54 175 120 218 119 140 43 173 41 207 43 244 42 136 56 151 58 172 56 213 56 234 57 248 56 196 82 186 87 204 87 196 109
 179 121 237 121 184 177 232 177 161 110 196 108 227 107 257 111 154 125 168 123 189 123 228 123 248 123 260 123 210 146 202 153 218 154 211 171
 154 112 207 115 158 166 194 169 138 104 168 104 196 106 224 108 134 113 147 114 162 114 197 116 214 117 228 118 178 146 170 148 188 149 177 162
 212 78 264 79 217 134 256 135 196 72 224 70 255 70 278 69 188 79 202 78 221 79 255 80 272 79 281 80 238 110 229 112 247 112 237 130
 154 103 246 102 160 193 239 191 119 86 177 83 214 85 276 88 117 108 137 106 168 103 229 102 260 104 278 107 196 145 183 153 215 152 197 186
 166 102 208 101 173 144 205 143 153 94 176 94 195 93 222 93 150 104 160 103 173 102 201 102 215 102 227 102 187 119 181 125 193 125 188 138
 159 87 216 84 161 141 210 140 138 75 174 66 196 63 233 68 135 92 148 89 167 86 207 84 226 85 240 87 182 100 174 110 193 110 183 126
 149 122 197 125 153 178 188 180 132 112 161 114 188 115 214 114 129 122 141 123 156 124 190 126 205 125 214 126 172 161 161 158 183 159 170 173
 172 134 231 134 176 195 229 193 150 123 184 118 218 117 253 123 148 136 160 136 185 136 220 136 243 135 255 135 203 164 196 171 209 171 203 184
 129 101 172 100 134 144 169 142 113 94 139 93 162 91 188 90 113 105 124 103 137 101 165 100 179 101 192 101 150 109 146 118 156 117 151 130
 145 125 203 128 154 199 193 199 125 112 160 112 192 113 227 118 121 127 136 127 154 127 194 130 213 131 229 132 173 166 163 170 182 171 174 192
 229 72 284 73 231 128 279 129 211 65 242 65 272 65 300 62 204 72 219 72 239 74 275 74 292 73 305 72 256 111 245 111 267 112 255 129
 148 53 210 55 157 111 202 114 127 38 165 35 193 37 231 41 121 54 140 55 158 54 202 56 222 57 240 58 175 98 166 93 189 94 178 105
 146 78 207 77 150 139 201 136 125 68 155 65 186 63 226 64 123 85 134 82 156 78 195 77 217 79 233 81 171 98 163 106 181 106 172 129
 183 108 243 108 189 165 233 166 166 91 195 96 230 96 260 93 159 111 173 108 192 109 233 109 253 110 265 111 211 131 203 139 219 139 211 157
 184 126 248 129 181 199 239 205 155 111 206 109 229 111 275 116 153 124 172 126 196 128 236 130 260 131 275 133 214 164 203 170 224 171 211 196
 177 66 213 66 182 104 211 102 165 59 186 58 203 59 225 59 162 68 171 67 183 67 208 67 220 67 229 67 198 80 192 86 203 86 197 98
 146 67 205 69 142 127 194 128 126 57 164 53 187 52 227 59 121 73 135 69 155 69 195 70 215 71 229 74 168 91 159 100 179 101 166 111
 162 134 232 138 162 208 220 212 137 125 181 124 218 124 257 130 134 136 148 136 173 138 220 141 246 142 261 146 194 171 184 178 205 179 194 198
 140 105 185 104 144 147 182 146 123 97 149 96 176 94 201 94 121 108 133 106 148 105 177 104 192 104 205 104 162 118 157 125 168 124 163 137
 155 119 208 120 160 174 200 175 137 111 168 110 198 111 227 112 134 120 147 120 163 121 199 121 216 122 230 123 181 151 172 154 190 155 180 169
 177 102 218 102 184 143 213 145 163 95 187 93 211 90 232 94 162 105 171 104 184 103 212 103 224 104 234 105 199 119 192 124 205 124 197 136
 163 107 219 102 174 165 219 161 141 99 174 91 207 88 239 91 138 112 152 109 175 108 209 105 230 103 242 105 195 133 188 141 202 140 195 154
 185 84 247 87 186 134 243 139 164 68 196 67 233 69 267 73 159 86 174 85 195 84 237 87 259 90 275 93 211 119 201 119 223 121 213 132
 166 101 222 101 166 168 218 169 141 92 180 86 201 87 244 90 141 104 154 103 175 103 211 104 232 103 246 105 192 129 184 137 201 137 191 159
 192 90 235 92 199 144 225 144 176 81 207 81 220 82 251 85 171 92 183 91 199 92 227 93 244 93 253 97 214 117 208 123 220 123 212 138
 187 77 228 77 194 121 225 120 173 68 198 70 216 70 242 70 170 79 180 78 193 78 222 78 234 78 247 76 209 96 203 102 216 102 209 116
 143 141 210 139 146 220 206 221 113 130 155 128 191 129 231 126 109 144 123 144 155 144 195 143 228 140 239 140 175 181 164 188 187 188 175 214
 135 61 197 62 147 116 190 119 115 46 150 43 182 43 219 46 109 64 127 63 144 60 190 62 208 63 229 63 163 104 154 100 176 101 167 114
 153 84 209 84 164 150 199 151 133 75 164 76 193 75 229 73 128 87 144 84 163 85 199 85 219 85 237 86 177 117 169 123 188 124 179 141
 157 114 205 116 164 161 195 162 142 104 171 105 192 105 220 105 136 115 150 115 165 114 196 116 213 117 224 117 181 139 173 142 188 143 180 154
 176 130 240 131 173 190 230 192 155 117 193 111 222 111 262 115 149 134 165 133 186 131 230 132 252 133 267 134 203 153 193 161 213 163 200 174
 179 83 231 78 190 132 228 128 163 72 188 72 219 67 245 65 158 88 172 85 189 82 220 79 239 78 253 78 205 95 199 103 212 102 207 117
 176 105 231 106 182 156 225 159 157 93 191 90 218 90 253 94 152 107 167 108 185 106 223 107 242 108 258 107 203 144 193 139 213 140 205 151
 149 124 211 127 159 203 199 202 127 109 166 109 199 111 237 116 123 125 138 125 159 126 200 128 222 129 237 132 180 166 170 172 189 172 180 195
 136 117 187 120 133 173 183 175 113 103 151 105 174 107 210 109 111 117 128 117 146 119 179 121 197 122 212 124 160 149 151 152 169 152 159 166
 161 85 206 88 161 133 202 134 142 72 171 76 194 78 224 80 139 85 152 85 167 86 199 88 214 89 228 89 183 106 175 113 190 114 182 129
 188 106 242 105 189 156 234 155 174 97 203 95 229 91 260 95 168 109 179 108 197 107 232 106 251 107 262 109 210 123 204 131 219 131 212 144
 136 57 198 58 147 112 190 114 115 42 152 39 181 40 218 42 108 58 127 59 146 57 190 58 210 59 227 60 164 102 155 96 177 96 168 106
 202 119 249 123 204 165 242 166 187 108 212 106 240 110 264 116 182 119 194 119 211 120 240 122 257 124 267 125 225 143 217 147 231 148 224 160
 180 64 226 63 182 114 225 112 162 55 191 55 216 53 242 54 161 66 172 65 186 65 218 64 233 63 242 65 205 96 192 94 215 94 204 109
 171 65 218 63 176 116 217 114 155 56 182 57 206 54 233 54 154 66 163 66 178 66 209 64 225 63 234 64 194 96 184 96 205 95 195 110
 132 151 180 143 145 203 183 196 111 145 145 137 170 134 194 130 105 156 124 153 141 150 172 145 186 143 197 142 167 169 158 176 173 174 167 191
 160 145 228 149 166 210 215 212 142 123 173 134 217 136 247 129 129 146 150 145 172 147 215 149 237 150 250 151 196 181 185 186 205 186 192 205
 171 98 230 96 179 161 223 160 146 92 185 85 214 82 250 88 143 101 160 100 181 98 219 97 239 97 253 98 201 129 191 134 211 134 201 156
 138 103 227 107 142 199 216 200 105 88 161 84 200 88 258 93 104 107 121 104 152 105 213 106 242 111 261 114 181 140 167 152 194 154 178 188
 162 109 221 108 163 161 212 162 141 94 183 91 202 90 238 92 137 108 151 108 172 107 212 108 232 109 242 108 189 129 179 138 199 138 187 154
 174 105 236 107 182 164 228 167 152 93 187 87 218 89 258 94 145 111 162 107 184 105 226 108 249 111 266 114 199 147 191 146 212 146 204 159
 133 111 175 109 140 156 175 155 118 102 144 101 165 101 189 98 116 111 126 111 139 111 169 110 182 109 192 109 155 139 147 139 165 138 156 150
 168 126 227 126 173 187 225 186 146 117 180 109 215 109 248 115 145 129 156 129 180 128 216 127 239 127 250 128 201 154 193 162 207 162 200 175
 155 84 212 85 162 151 202 152 134 77 170 77 201 76 234 77 128 87 146 86 165 85 203 87 221 87 240 89 183 121 174 124 194 125 182 145
 173 105 237 108 181 166 228 170 150 91 189 88 220 88 261 93 142 109 161 107 184 105 228 108 250 111 269 115 200 150 191 149 214 150 204 162
 154 87 211 88 160 146 198 147 136 78 167 77 198 78 229 78 132 90 144 88 162 88 202 89 219 89 235 90 180 119 171 123 189 124 178 139
 171 126 212 128 174 166 205 168 156 118 181 117 203 118 226 120 152 126 164 127 178 127 205 129 218 129 227 129 192 149 184 153 198 153 190 163
 208 88 260 87 212 141 256 142 191 82 220 78 249 77 273 76 183 89 198 89 217 89 251 88 268 87 277 87 234 120 225 121 244 121 234 138
 134 100 176 99 138 142 173 141 117 93 143 92 166 90 191 89 116 103 128 101 141 100 169 100 183 100 196 100 154 111 150 118 160 118 155 132
 169 157 228 159 172 219 216 221 150 147 185 146 216 148 249 151 144 157 159 156 178 159 219 161 237 162 252 164 199 193 189 196 207 198 195 213
 172 79 228 80 177 140 220 142 149 73 186 68 214 65 250 74 145 83 162 81 182 80 218 80 237 81 252 83 198 109 190 114 209 115 199 135
 178 109 232 112 179 162 223 163 161 100 193 100 222 99 253 105 157 111 169 110 189 112 223 114 243 114 252 117 203 132 197 138 211 139 202 154
 142 114 184 116 144 164 177 166 126 105 152 106 175 107 198 106 123 114 134 114 148 115 177 117 191 116 200 117 163 146 154 145 171 146 161 160
 166 104 207 105 172 147 203 148 153 96 175 100 194 98 222 98 150 105 159 105 172 105 201 106 214 106 228 106 185 125 180 130 191 130 186 143
 167 104 231 106 168 158 227 160 149 88 181 91 218 93 250 92 144 107 157 106 178 106 220 107 241 109 255 111 198 127 189 135 208 135 198 151
 176 73 222 72 177 123 220 123 160 64 188 66 213 65 238 62 157 73 168 73 183 75 215 74 231 72 241 74 198 110 187 106 211 105 198 121
 149 132 235 137 151 224 228 226 117 116 175 116 210 117 267 125 116 136 133 134 165 134 220 135 250 141 268 146 190 171 176 183 204 185 187 218
 132 100 176 99 139 142 171 140 117 93 142 91 165 89 191 89 115 104 127 102 141 100 168 99 182 100 195 100 153 109 149 117 159 116 155 128
 165 112 224 112 166 182 219 185 138 102 180 99 204 100 249 103 138 113 152 113 175 115 213 116 235 113 251 114 192 151 182 157 202 156 191 179
 143 140 190 137 150 188 191 186 121 134 152 130 179 128 208 125 121 145 135 142 151 139 182 138 199 138 212 136 168 153 162 160 174 159 169 178
 194 121 243 124 198 169 234 171 179 112 204 110 230 112 258 118 176 122 186 122 203 122 233 124 251 126 262 126 216 146 208 150 223 151 216 164
 170 142 222 139 174 199 223 196 149 132 178 127 207 125 238 124 145 148 160 144 179 143 212 140 233 140 246 141 195 158 188 166 204 164 197 186
 209 129 266 135 208 189 256 192 188 116 223 114 257 117 287 125 184 129 198 130 221 132 255 136 277 137 287 140 240 161 231 167 244 168 236 182
 124 137 174 139 131 198 164 199 104 129 143 125 160 127 193 135 101 139 115 137 132 138 165 140 183 141 196 145 149 165 142 172 155 173 148 187
 159 138 231 141 161 215 218 216 134 127 178 126 215 126 257 132 130 141 145 140 170 142 218 144 244 144 260 147 192 175 181 182 203 183 192 201
 159 112 215 113 166 165 209 168 141 98 174 95 203 95 238 99 134 113 151 114 168 112 208 112 227 115 243 114 186 152 176 148 196 148 188 161
 133 110 183 114 130 166 177 168 110 92 146 95 170 96 205 99 107 107 124 110 142 111 174 113 192 115 207 116 155 140 146 142 163 143 154 158
 166 78 254 78 176 170 247 168 133 64 188 62 227 64 285 68 131 84 149 81 181 79 239 79 269 81 285 85 209 121 196 130 226 129 210 163
 184 79 232 77 186 132 230 130 166 70 195 73 221 70 248 66 165 78 176 78 190 80 224 79 240 77 250 77 207 117 195 112 219 111 207 128
 136 100 178 100 143 144 172 143 121 92 145 92 168 90 193 90 119 104 130 102 144 100 170 100 185 100 198 101 156 110 152 118 162 117 157 128
 180 91 240 91 185 154 233 155 154 84 194 79 224 76 261 83 152 94 169 93 191 93 229 92 249 92 264 93 209 123 199 128 220 129 210 151
 180 97 236 96 188 156 231 155 162 89 196 86 225 85 256 88 156 101 170 99 190 99 227 98 247 98 256 98 210 121 203 127 219 127 212 144
 141 97 230 97 147 192 221 191 106 85 162 80 201 82 260 84 106 103 124 99 155 99 214 98 244 101 264 105 183 136 169 148 198 149 182 184
 156 143 241 147 160 234 230 236 127 131 180 132 218 133 270 137 124 146 140 145 171 147 227 148 255 150 272 154 199 191 184 198 211 200 194 229
 176 103 232 102 184 162 227 161 157 94 191 93 219 92 253 93 152 107 165 105 186 106 223 105 243 104 255 105 205 131 197 137 214 137 206 154
 184 109 246 113 192 169 235 175 163 96 198 92 229 94 267 99 155 113 173 111 195 110 236 113 258 116 276 121 209 154 201 151 222 152 213 168
 167 94 209 97 168 134 203 136 153 84 178 87 199 89 223 89 148 94 160 95 173 95 203 97 216 98 228 99 189 116 182 120 195 121 187 130
 175 67 259 68 184 156 243 156 144 53 193 54 231 57 288 56 144 73 158 69 190 68 244 69 275 71 292 76 210 118 198 121 227 122 212 152
 173 123 231 122 175 181 229 179 150 114 185 106 218 105 252 112 148 126 161 125 184 124 220 124 242 124 253 125 203 147 196 155 209 156 203 170
