images/BioID_0127.pgm 131 46 166 166 0 20 -28.09 -19.12 33.14 -15.10 -22.28 35.84 20.63 42.10 -50.05 -32.27 -9.32 -34.32 14.82 -34.77 54.14 -27.17 -51.51 -17.56 -37.47 -17.78 -17.81 -18.68 23.31 -15.55 44.76 -12.42 61.74 -6.61 -5.74 25.12 -13.78 22.88 7.22 23.78 -2.17 34.50 -1.27 55.06 -1.27 77.41
images/BioID_0649.pgm 100 53 112 112 0 20 -21.59 -13.25 25.16 -10.55 -17.54 34.85 18.42 36.20 -37.32 -23.59 -13.05 -21.34 11.68 -17.75 41.34 -16.40 -42.72 -12.35 -29.68 -11.90 -14.85 -11.90 17.07 -10.10 32.80 -10.10 46.74 -7.41 0.20 11.11 -5.29 15.89 7.63 15.97 0.66 30.37 -0.46 46.09 -1.81 68.11
images/BioID_1108.pgm 136 30 142 142 0 20 -29.58 -15.26 21.37 -21.07 -15.28 33.01 17.35 29.88 -43.88 -25.09 -18.41 -26.88 10.20 -31.79 36.12 -34.47 -50.13 -10.79 -37.62 -13.02 -19.30 -17.49 12.43 -20.17 30.75 -21.07 45.06 -21.96 -1.89 -1.66 -9.47 7.09 4.83 4.85 0.37 22.28 1.71 38.82 3.94 67.42
images/BioID_1404.pgm 154 39 126 126 0 20 -23.49 -16.70 20.31 -17.15 -13.66 36.03 11.37 36.03 -40.03 -25.20 -9.86 -25.01 6.01 -26.09 36.40 -24.30 -42.26 -15.36 -31.09 -16.26 -15.44 -15.81 12.71 -16.70 28.35 -16.70 37.29 -14.47 -1.14 8.77 -6.95 15.03 6.45 14.13 -0.70 27.99 -0.70 45.42 -0.88 64.88
images/BioID_1496.pgm 100 19 143 143 0 20 -26.70 -17.27 24.69 -19.06 -17.32 41.72 19.78 40.38 -45.10 -23.20 -16.87 -26.21 13.07 -27.55 44.04 -30.74 -51.65 -13.81 -35.64 -16.38 -17.32 -17.27 16.65 -18.16 34.08 -19.06 49.72 -19.51 0.11 13.12 -8.38 17.59 10.84 17.14 1.01 35.91 1.90 48.43 2.35 73.90
images/BioID_0377.pgm 150 60 129 129 0 20 -25.01 -12.84 21.47 -15.97 -17.86 36.77 19.68 36.32 -43.87 -23.92 -15.18 -25.35 10.74 -25.35 35.32 -28.03 -48.70 -11.94 -31.72 -12.39 -16.52 -12.39 13.87 -14.18 29.06 -14.62 38.60 -13.97 1.80 13.98 -8.03 16.66 11.19 16.21 1.36 31.85 2.25 47.05 0.46 74.31
images/BioID_0393.pgm 94 46 118 118 0 20 -20.27 -12.11 22.19 -12.55 -20.27 38.84 16.38 39.29 -37.70 -19.70 -10.88 -22.83 10.12 -22.39 36.17 -21.68 -40.37 -9.96 -29.21 -11.66 -13.56 -11.66 15.04 -11.66 29.34 -11.66 39.62 -11.21 -1.05 13.37 -8.20 14.26 9.67 14.71 -1.50 29.01 -1.05 56.27 -2.84 80.85
images/BioID_0788.pgm 103 62 114 114 0 20 -21.91 -16.28 21.00 -16.72 -17.88 25.29 18.32 25.74 -36.65 -22.98 -12.97 -24.77 10.99 -28.54 37.98 -25.21 -39.33 -10.91 -28.16 -14.49 -14.31 -16.72 13.40 -16.28 28.15 -16.72 39.32 -15.83 -0.45 -6.89 -5.37 2.50 4.46 2.05 -0.45 17.69 -0.01 31.54 -0.01 49.42
images/BioID_0864.pgm 116 64 155 155 0 20 -30.38 -19.11 26.83 -19.11 -27.25 37.65 23.70 37.65 -51.83 -30.28 -16.53 -35.20 10.29 -35.65 47.83 -28.50 -54.96 -16.43 -42.00 -17.32 -20.10 -17.32 15.65 -17.32 37.10 -17.77 50.96 -16.43 -0.44 7.26 -7.81 14.72 5.82 15.75 -0.44 30.94 0.46 46.59 -0.44 79.21
images/BioID_1193.pgm 126 7 130 130 0 20 -24.75 -15.75 23.52 -17.99 -18.49 36.98 23.52 36.09 -37.26 -26.93 -11.79 -26.93 13.24 -28.71 40.50 -27.37 -41.29 -13.52 -30.11 -15.31 -16.71 -14.86 15.92 -16.65 31.11 -17.09 40.50 -15.31 -1.06 13.30 -9.56 12.85 9.66 12.85 0.28 31.17 0.28 41.90 0.72 73.18
images/BioID_0093.pgm 146 41 128 128 0 20 -26.77 -16.13 21.94 -15.24 -18.72 34.37 17.03 33.93 -44.20 -26.85 -16.94 -27.30 11.67 -27.75 36.25 -26.85 -48.46 -11.63 -36.15 -14.79 -17.38 -14.79 13.45 -14.79 30.44 -14.34 44.06 -14.03 -2.63 2.19 -8.97 7.94 4.95 8.17 -2.63 24.09 -2.19 42.86 -1.74 73.25
images/BioID_0690.pgm 98 55 141 141 0 20 -30.94 -16.27 27.05 -12.22 -23.75 56.11 11.31 57.01 -51.17 -29.75 -14.31 -30.20 14.01 -26.15 48.62 -21.21 -52.52 -17.61 -41.28 -15.82 -21.50 -14.02 17.16 -11.77 36.04 -10.42 50.42 -8.62 -3.52 22.84 -12.96 27.34 4.12 28.24 -4.87 49.82 -5.32 68.70 -7.12 91.17
images/BioID_0324.pgm 89 68 120 120 0 20 -23.42 -16.78 19.04 -17.23 -19.84 33.72 18.14 31.04 -40.85 -23.93 -14.48 -23.49 9.21 -24.38 36.47 -27.96 -43.08 -14.10 -30.12 -15.89 -17.16 -16.78 13.67 -16.34 27.08 -17.68 36.02 -18.57 -3.31 15.39 -11.80 12.26 7.87 12.71 -1.07 27.46 -1.07 42.21 -0.14 66.67
images/BioID_0126.pgm 113 39 180 180 0 20 -35.41 -22.70 30.73 -18.23 -30.05 36.29 24.48 40.76 -58.20 -37.00 -15.30 -39.68 15.99 -38.79 54.87 -33.87 -66.25 -20.02 -46.58 -19.12 -24.68 -21.36 20.45 -18.68 43.25 -15.55 63.36 -11.97 -8.15 23.33 -16.64 24.23 5.71 24.67 -2.78 38.08 -3.23 52.83 -5.91 86.35
images/BioID_0966.pgm 118 49 165 165 0 20 -30.23 -19.84 31.00 -17.60 -32.02 51.22 24.74 55.69 -57.94 -31.01 -13.76 -35.11 8.31 -34.09 55.58 -28.78 -57.99 -19.41 -42.29 -19.39 -19.50 -17.60 19.38 -15.37 42.17 -15.81 57.37 -14.03 -3.41 14.57 -11.91 21.73 7.76 22.62 -4.31 46.75 -3.86 64.18 -3.86 100.38
images/BioID_0675.pgm 113 55 147 147 0 20 -30.96 -17.92 27.03 -14.32 -24.22 55.36 14.89 55.36 -52.54 -31.40 -15.68 -33.20 17.14 -29.60 50.40 -24.66 -56.00 -16.22 -41.30 -17.02 -21.07 -16.12 16.69 -12.97 37.37 -12.07 52.23 -11.00 -0.91 18.40 -12.08 24.79 6.35 25.69 -2.43 49.03 -2.64 67.49 -4.44 91.32
images/BioID_0332.pgm 104 79 135 135 0 20 -26.25 -20.54 22.91 -20.54 -18.66 33.99 16.20 34.88 -44.13 -30.81 -14.19 -29.03 12.63 -30.37 37.21 -33.94 -48.15 -20.98 -34.75 -19.64 -19.10 -18.75 15.75 -19.19 32.74 -20.98 41.68 -20.54 -0.78 17.45 -12.85 14.77 10.84 15.66 -1.68 32.20 -2.12 48.29 -2.12 71.53
images/BioID_1308.pgm 115 45 153 153 0 20 -29.72 -21.90 31.06 -24.14 -26.14 42.00 21.68 41.56 -52.06 -30.84 -12.29 -37.99 11.84 -39.78 51.17 -34.86 -56.53 -13.41 -40.89 -16.54 -19.44 -19.67 22.12 -21.46 41.79 -18.78 56.09 -16.54 -2.01 6.25 -11.40 15.64 9.16 16.08 -5.14 27.70 -2.28 58.51 -1.56 89.38
images/BioID_0590.pgm 73 10 134 134 0 20 -24.25 -17.18 25.36 -16.73 -23.80 44.05 19.10 44.50 -43.47 -26.12 -11.74 -26.56 12.84 -26.56 43.10 -28.88 -45.26 -16.28 -34.08 -15.84 -17.10 -15.39 17.31 -14.05 34.29 -15.39 45.91 -15.84 -3.69 19.02 -12.63 19.47 5.92 19.86 -2.80 39.13 -4.55 56.30 -3.78 84.29
images/BioID_0416.pgm 71 47 127 127 0 20 -21.88 -13.58 21.47 -13.14 -19.20 34.68 14.77 34.68 -37.97 -22.97 -10.71 -22.08 10.63 -23.29 34.88 -24.31 -40.65 -12.69 -30.82 -12.69 -14.73 -12.69 13.87 -12.69 31.30 -13.14 39.79 -13.58 -1.77 12.78 -10.71 15.02 8.51 16.36 -2.22 29.32 -2.66 42.73 -3.11 69.09
images/BioID_1068.pgm 151 41 103 103 0 20 -23.74 -12.12 19.17 -12.57 -19.72 26.76 19.61 24.97 -36.70 -20.61 -16.14 -25.08 7.98 -24.28 32.57 -18.82 -41.17 -8.10 -30.44 -10.78 -16.59 -12.12 11.44 -12.74 26.76 -11.23 35.70 -9.44 -0.05 4.42 -7.05 10.67 7.55 10.22 -0.94 21.40 0.40 33.02 1.29 57.15
images/BioID_1190.pgm 143 8 126 126 0 20 -24.11 -16.09 22.37 -16.99 -21.87 35.75 20.13 34.85 -41.54 -25.48 -12.49 -26.37 12.54 -29.05 39.80 -25.93 -45.56 -14.31 -32.60 -15.20 -17.85 -14.75 15.67 -16.54 29.07 -16.99 40.25 -14.31 -0.87 12.06 -12.49 12.51 9.86 12.06 -0.87 28.15 -0.42 43.79 -0.87 71.50
images/BioID_0659.pgm 108 36 153 153 0 20 -31.66 -19.00 31.28 -16.75 -27.16 53.38 28.13 52.93 -56.38 -23.04 -15.93 -30.69 11.94 -27.99 55.10 -22.15 -57.34 -14.54 -41.55 -17.20 -19.07 -16.75 18.69 -15.40 41.16 -14.95 54.20 -12.26 -3.79 15.17 -12.78 21.91 8.80 21.46 -1.99 42.59 -0.64 69.11 0.26 98.78
images/BioID_1154.pgm 118 28 162 162 0 20 -30.96 -21.92 25.35 -24.15 -23.81 41.99 23.11 39.76 -56.44 -33.98 -14.87 -32.64 6.58 -34.43 48.14 -35.32 -58.28 -17.74 -41.69 -21.02 -18.45 -19.24 14.17 -22.63 35.63 -23.26 50.82 -21.47 -3.25 15.18 -13.09 17.41 7.47 16.96 -1.47 35.74 -1.91 50.48 -1.02 78.19
images/BioID_0756.pgm 135 79 108 108 0 20 -20.52 -14.63 21.05 -12.84 -17.83 25.14 13.90 26.04 -35.26 -20.89 -10.68 -24.47 10.77 -24.47 32.22 -23.57 -38.84 -13.74 -28.11 -13.74 -14.71 -13.74 13.45 -11.50 25.96 -11.95 34.71 -13.22 0.25 6.17 -6.66 9.95 6.26 11.03 -1.75 21.57 -1.75 34.08 -1.75 52.40
images/BioID_1437.pgm 98 43 130 130 0 20 -27.14 -16.00 22.47 -15.11 -20.44 43.88 10.40 43.88 -46.36 -26.73 -9.71 -26.73 7.72 -26.28 41.68 -22.70 -46.13 -16.22 -34.29 -17.34 -17.75 -14.66 14.42 -14.66 31.41 -13.77 43.03 -10.64 -3.01 16.62 -11.05 20.65 5.27 21.26 -3.45 36.29 -4.79 56.84 -5.69 74.72
images/BioID_1293.pgm 113 71 163 163 0 20 -30.49 -15.81 30.29 -22.96 -20.21 43.63 21.80 41.39 -53.72 -29.66 -13.95 -31.45 10.53 -36.80 47.89 -42.54 -60.43 -15.36 -42.55 -15.81 -22.89 -16.70 20.46 -22.07 38.34 -23.85 54.88 -25.64 1.69 19.50 -10.82 20.39 15.55 20.39 1.69 37.82 -0.54 55.25 2.26 83.29
images/BioID_1229.pgm 143 41 90 90 0 20 -17.28 -11.43 20.26 -12.32 -11.03 25.66 18.47 24.32 -29.18 -17.00 -9.68 -16.35 6.94 -17.84 31.03 -21.16 -32.00 -9.85 -22.64 -10.09 -11.03 -10.09 14.45 -11.43 25.62 -12.77 37.12 -12.90 4.31 7.52 -2.28 11.90 10.44 11.24 3.72 20.75 5.06 34.60 4.62 50.24
images/BioID_0668.pgm 110 59 147 147 0 20 -29.76 -16.52 26.59 -10.86 -23.92 54.05 16.54 54.95 -48.64 -29.56 -14.48 -27.76 16.54 -26.86 50.26 -22.37 -52.48 -17.50 -39.20 -16.07 -20.32 -14.28 17.44 -12.48 37.22 -10.23 50.62 -8.00 -2.79 20.79 -12.23 24.84 6.20 26.18 -2.79 47.76 -3.24 65.74 -5.49 88.22
images/BioID_0097.pgm 150 22 154 154 0 20 -31.70 -17.73 28.63 -18.17 -19.19 47.07 23.72 46.18 -52.71 -28.45 -20.53 -32.47 13.88 -32.03 48.30 -31.58 -54.94 -15.49 -41.53 -15.94 -21.42 -16.39 18.80 -16.39 38.91 -15.49 55.89 -17.28 -0.42 6.85 -8.01 13.11 9.41 13.56 0.03 34.12 1.37 56.91 4.05 93.11
