helen/100032540_1.jpg 110 89 132 132 134 126 224 130 166 127 189 128 150 119 149 125 208 121 208 127 140 140 218 144 163 141 194 143 153 134 152 144 207 137 207 147 153 139 209 141 161 169 189 172 172 162 173 174 151 194 195 198 172 187 172 193 172 197 171 205 169 232
helen/100040721_1.jpg 144 106 159 159 1.782e+02 1.588e+02 2.737e+02 157 215 153 2.391e+02 1.579e+02 1.964e+02 147 1.958e+02 1.537e+02 2.555e+02 1.492e+02 2.558e+02 1.545e+02 187 166 267 165 212 166 242 166 200 160 201 170 254 159 255 169 200 165 254 163 208 201 241 201 224 199 2.248e+02 2.073e+02 199 226 2.491e+02 2.302e+02 2.244e+02 216 223 223 222 230 222 238 218 269
helen/100040721_2.jpg 151 102 159 159 1.726e+02 1.586e+02 2.722e+02 1.605e+02 218 149 2.463e+02 1.505e+02 1.956e+02 1.438e+02 1.966e+02 1.495e+02 2.597e+02 1.496e+02 2.613e+02 1.555e+02 1.872e+02 1.673e+02 2.663e+02 1.752e+02 2.102e+02 1.665e+02 2.451e+02 170 198 1.628e+02 1.981e+02 1.672e+02 2.566e+02 1.685e+02 2.564e+02 1.728e+02 1.971e+02 1.647e+02 2.565e+02 170 214 195 2.485e+02 2.011e+02 2.395e+02 1.901e+02 2.359e+02 2.015e+02 2.043e+02 2.267e+02 2.491e+02 232 232 2.136e+02 2.313e+02 2.186e+02 2.312e+02 2.274e+02 2.315e+02 2.351e+02 228 274
helen/1002681492_1.jpg 98 37 136 136 122 70 217 84 155 74 183 79 138 65 137 71 2.001e+02 7.540e+01 1.995e+02 8.090e+01 1.277e+02 8.340e+01 2.056e+02 9.620e+01 1.497e+02 8.870e+01 1.821e+02 9.360e+01 1.379e+02 7.840e+01 1.379e+02 8.850e+01 195 8.720e+01 1.938e+02 98 1.375e+02 8.320e+01 1.928e+02 9.260e+01 1.443e+02 1.161e+02 1.774e+02 119 1.634e+02 1.123e+02 1.609e+02 1.216e+02 139 1.344e+02 1.753e+02 1.393e+02 1.599e+02 1.248e+02 1.583e+02 1.307e+02 1.579e+02 132 1.574e+02 1.367e+02 1.542e+02 171
helen/1004467229_1.jpg 145 34 165 165 185 7.750e+01 2.887e+02 9.990e+01 215 7.620e+01 2.564e+02 8.390e+01 2.018e+02 6.390e+01 2.008e+02 7.030e+01 2.721e+02 7.970e+01 2.728e+02 8.570e+01 1.932e+02 9.420e+01 2.727e+02 1.144e+02 2.154e+02 100 2.438e+02 1.073e+02 2.044e+02 8.940e+01 2.006e+02 1.002e+02 2.611e+02 1.022e+02 2.584e+02 1.144e+02 201 94 2.539e+02 1.065e+02 2.041e+02 134 2.373e+02 143 2.179e+02 1.294e+02 2.169e+02 1.435e+02 1.884e+02 1.585e+02 2.418e+02 1.723e+02 2.144e+02 1.554e+02 2.121e+02 1.642e+02 2.095e+02 1.693e+02 2.064e+02 1.781e+02 212 211
helen/100466187_1.jpg 95 79 148 148 1.213e+02 1.214e+02 222 131 1.528e+02 1.212e+02 1.885e+02 1.297e+02 138 1.155e+02 1.376e+02 1.196e+02 205 124 2.046e+02 1.282e+02 1.307e+02 1.366e+02 212 145 1.566e+02 1.407e+02 1.865e+02 1.438e+02 1.445e+02 1.317e+02 142 1.438e+02 1.995e+02 1.377e+02 1.996e+02 149 1.442e+02 1.375e+02 199 143 1.506e+02 1.754e+02 1.854e+02 1.775e+02 169 172 1.684e+02 1.811e+02 138 1.894e+02 196 1.942e+02 1.663e+02 1.935e+02 166 1.978e+02 1.656e+02 2.042e+02 1.652e+02 2.123e+02 163 234
helen/1012675629_1.jpg 127 55 149 149 1.635e+02 9.640e+01 2.569e+02 1.239e+02 1.952e+02 1.024e+02 2.202e+02 1.096e+02 1.802e+02 9.360e+01 1.788e+02 9.780e+01 2.313e+02 1.066e+02 2.327e+02 1.111e+02 1.634e+02 110 2.458e+02 1.311e+02 1.904e+02 1.174e+02 2.214e+02 125 1.786e+02 1.131e+02 1.771e+02 1.145e+02 2.341e+02 1.251e+02 2.333e+02 1.274e+02 1.781e+02 1.137e+02 2.335e+02 1.262e+02 1.792e+02 1.419e+02 2.186e+02 1.521e+02 2.018e+02 1.381e+02 1.985e+02 1.516e+02 1.608e+02 1.672e+02 2.229e+02 184 1.969e+02 1.599e+02 1.953e+02 1.645e+02 1.893e+02 1.914e+02 1.866e+02 1.984e+02 1.792e+02 2.263e+02
helen/1012675629_2.jpg 111 90 116 116 1.205e+02 1.243e+02 2.165e+02 1.257e+02 1.508e+02 1.302e+02 1.814e+02 1.318e+02 1.358e+02 1.243e+02 1.359e+02 128 1.972e+02 1.244e+02 1.969e+02 129 1.273e+02 1.337e+02 2.092e+02 1.339e+02 1.547e+02 1.367e+02 1.839e+02 1.375e+02 1.411e+02 1.373e+02 1.406e+02 1.393e+02 1.959e+02 1.372e+02 1.957e+02 1.394e+02 1.409e+02 1.385e+02 1.957e+02 1.384e+02 1.528e+02 1.658e+02 1.876e+02 1.633e+02 1.686e+02 1.738e+02 168 1.773e+02 1.436e+02 171 1.976e+02 1.703e+02 1.695e+02 1.783e+02 1.697e+02 1.804e+02 170 1.867e+02 1.701e+02 1.943e+02 1.685e+02 2.163e+02
helen/1018882799_1.jpg 112 93 164 164 1.435e+02 1.541e+02 2.464e+02 1.437e+02 1.788e+02 1.438e+02 2.075e+02 1.434e+02 1.604e+02 1.437e+02 1.609e+02 1.481e+02 2.245e+02 1.381e+02 2.247e+02 1.413e+02 153 1.649e+02 2.374e+02 1.564e+02 1.811e+02 1.631e+02 2.126e+02 1.609e+02 168 1.564e+02 1.683e+02 1.665e+02 2.238e+02 1.514e+02 2.266e+02 1.612e+02 1.676e+02 1.616e+02 2.237e+02 1.563e+02 1.836e+02 1.955e+02 2.153e+02 1.923e+02 1.982e+02 1.861e+02 1.994e+02 1.951e+02 1.816e+02 2.199e+02 2.221e+02 2.164e+02 201 2.093e+02 2.011e+02 2.151e+02 2.016e+02 2.181e+02 2.025e+02 2.255e+02 2.058e+02 2.606e+02
helen/1019068877_1.jpg 122 74 170 170 164 125 2.499e+02 135 1.953e+02 1.306e+02 2.146e+02 1.317e+02 180 1.225e+02 1.793e+02 1.258e+02 231 1.292e+02 231 1.338e+02 1.672e+02 1.382e+02 2.444e+02 1.499e+02 1.918e+02 1.431e+02 222 1.477e+02 1.798e+02 1.347e+02 1.785e+02 1.441e+02 2.347e+02 1.428e+02 2.336e+02 1.517e+02 1.817e+02 1.398e+02 2.343e+02 1.473e+02 1.843e+02 1.755e+02 2.179e+02 1.782e+02 1.983e+02 1.742e+02 1.982e+02 1.846e+02 1.758e+02 2.082e+02 2.223e+02 2.123e+02 1.988e+02 1.908e+02 1.979e+02 1.969e+02 1.966e+02 2.375e+02 196 2.463e+02 1.941e+02 2.583e+02
helen/103236168_1.jpg 114 94 166 166 1.502e+02 1.446e+02 252 153 1.842e+02 1.438e+02 2.127e+02 1.492e+02 166 1.368e+02 166 1.436e+02 2.317e+02 1.437e+02 2.319e+02 1.506e+02 1.554e+02 1.578e+02 2.443e+02 1.659e+02 1.821e+02 1.609e+02 2.139e+02 1.634e+02 169 152 168 1.629e+02 229 1.576e+02 2.285e+02 1.701e+02 169 157 229 162 1.794e+02 1.932e+02 211 1.972e+02 1.961e+02 1.893e+02 1.947e+02 2.002e+02 1.658e+02 2.195e+02 2.163e+02 2.258e+02 193 2.143e+02 1.915e+02 2.209e+02 1.915e+02 2.218e+02 1.905e+02 2.323e+02 1.907e+02 2.634e+02
helen/103236168_2.jpg 155 69 158 158 183 122 286 122 222 120 247 120 202 114 202 1.187e+02 2.637e+02 1.133e+02 2.652e+02 1.188e+02 1.951e+02 1.376e+02 2.789e+02 1.342e+02 2.191e+02 1.337e+02 2.541e+02 1.334e+02 2.058e+02 1.303e+02 2.063e+02 1.384e+02 2.657e+02 1.292e+02 266 137 206 134 266 133 2.192e+02 1.686e+02 2.512e+02 1.687e+02 235 155 235 167 2.107e+02 1.965e+02 2.602e+02 1.943e+02 2.357e+02 1.807e+02 236 187 236 1.875e+02 2.357e+02 1.969e+02 2.369e+02 2.328e+02
helen/1033312112_1.jpg 119 92 152 152 1.461e+02 1.476e+02 2.362e+02 1.409e+02 182 1.399e+02 2.042e+02 1.424e+02 1.612e+02 1.368e+02 1.608e+02 1.422e+02 2.203e+02 1.339e+02 2.201e+02 1.391e+02 1.505e+02 1.601e+02 2.336e+02 1.576e+02 1.767e+02 1.588e+02 2.113e+02 1.585e+02 1.634e+02 1.534e+02 1.633e+02 1.596e+02 221 1.519e+02 2.223e+02 1.588e+02 163 156 2.214e+02 1.548e+02 1.818e+02 1.872e+02 2.162e+02 1.887e+02 207 1.793e+02 2.034e+02 1.924e+02 169 214 2.255e+02 2.127e+02 2.009e+02 2.063e+02 201 2.102e+02 2.018e+02 2.178e+02 2.023e+02 2.241e+02 2.077e+02 2.608e+02
helen/1033312288_1.jpg 142 104 153 153 1.729e+02 1.441e+02 2.641e+02 1.691e+02 2.102e+02 1.482e+02 2.342e+02 1.578e+02 1.928e+02 1.385e+02 1.919e+02 1.433e+02 2.504e+02 1.566e+02 2.491e+02 162 1.766e+02 1.571e+02 2.553e+02 1.836e+02 2.013e+02 1.632e+02 2.347e+02 1.758e+02 1.918e+02 155 1.892e+02 1.622e+02 2.455e+02 1.745e+02 2.437e+02 1.814e+02 1.899e+02 1.581e+02 2.438e+02 1.768e+02 196 1.927e+02 228 2.042e+02 2.178e+02 1.914e+02 2.116e+02 202 1.769e+02 2.158e+02 2.254e+02 232 2.063e+02 2.163e+02 2.052e+02 2.204e+02 2.025e+02 2.259e+02 2.006e+02 2.309e+02 1.948e+02 2.616e+02
helen/103887554_1.jpg 46 66 152 152 7.850e+01 1.124e+02 1.641e+02 1.104e+02 1.112e+02 1.066e+02 1.376e+02 1.167e+02 96 1.037e+02 96 1.079e+02 1.528e+02 1.083e+02 1.531e+02 1.121e+02 8.580e+01 1.215e+02 1.609e+02 1.232e+02 1.094e+02 1.228e+02 1.422e+02 1.228e+02 100 117 9.870e+01 1.253e+02 1.535e+02 1.188e+02 1.536e+02 1.269e+02 9.940e+01 1.207e+02 1.562e+02 1.225e+02 1.127e+02 1.659e+02 1.483e+02 1.637e+02 1.402e+02 1.614e+02 1.354e+02 172 1.046e+02 1.912e+02 1.457e+02 1.902e+02 1.295e+02 1.899e+02 1.297e+02 1.917e+02 1.295e+02 1.931e+02 1.295e+02 1.994e+02 1.263e+02 2.284e+02
helen/10405146_1.jpg 25 68 130 130 3.780e+01 111 1.419e+02 8.740e+01 79 110 1.162e+02 1.004e+02 5.790e+01 1.058e+02 5.840e+01 1.112e+02 1.277e+02 8.950e+01 1.292e+02 9.520e+01 5.230e+01 1.249e+02 1.347e+02 1.088e+02 7.740e+01 122 1.103e+02 1.151e+02 6.430e+01 1.164e+02 6.580e+01 1.269e+02 1.218e+02 1.049e+02 124 115 6.380e+01 1.207e+02 1.204e+02 1.093e+02 8.580e+01 1.578e+02 1.207e+02 1.517e+02 1.089e+02 1.532e+02 1.069e+02 1.613e+02 7.770e+01 1.753e+02 1.241e+02 1.655e+02 1.029e+02 1.713e+02 1.033e+02 1.748e+02 1.039e+02 1.775e+02 1.053e+02 1.865e+02 110 206
helen/10405299_1.jpg 79 100 134 134 1.132e+02 1.215e+02 2.103e+02 1.502e+02 1.427e+02 1.403e+02 1.774e+02 1.506e+02 1.277e+02 1.281e+02 1.253e+02 1.316e+02 193 1.469e+02 1.931e+02 151 1.195e+02 138 1.962e+02 1.636e+02 1.404e+02 1.477e+02 172 1.581e+02 1.326e+02 137 1.286e+02 1.462e+02 1.871e+02 1.551e+02 1.841e+02 1.644e+02 1.321e+02 1.407e+02 1.859e+02 1.582e+02 1.313e+02 1.843e+02 1.625e+02 1.897e+02 1.444e+02 1.891e+02 1.431e+02 1.946e+02 1.214e+02 1.883e+02 1.639e+02 2.041e+02 142 1.991e+02 1.415e+02 2.011e+02 1.399e+02 2.045e+02 1.376e+02 2.121e+02 1.337e+02 2.278e+02
helen/10405424_1.jpg 50 38 157 157 8.250e+01 8.330e+01 185 9.080e+01 1.142e+02 8.710e+01 1.488e+02 89 9.870e+01 7.840e+01 9.820e+01 8.340e+01 1.656e+02 8.210e+01 1.654e+02 8.830e+01 9.080e+01 9.850e+01 1.707e+02 1.074e+02 1.143e+02 102 146 1.054e+02 1.032e+02 9.390e+01 1.025e+02 1.025e+02 1.591e+02 1.002e+02 1.591e+02 1.094e+02 104 98 1.591e+02 1.036e+02 1.074e+02 1.359e+02 1.411e+02 1.379e+02 1.209e+02 1.343e+02 1.221e+02 1.435e+02 1.021e+02 1.543e+02 1.482e+02 1.599e+02 1.233e+02 1.533e+02 1.235e+02 1.563e+02 1.217e+02 1.641e+02 1.209e+02 1.727e+02 1.181e+02 1.976e+02
helen/10406776_1.jpg 78 24 192 192 1.214e+02 9.880e+01 2.272e+02 6.890e+01 1.438e+02 9.390e+01 1.766e+02 7.950e+01 1.285e+02 8.960e+01 1.299e+02 9.560e+01 1.969e+02 6.450e+01 2.001e+02 7.150e+01 1.329e+02 115 2.166e+02 9.450e+01 1.565e+02 1.099e+02 1.864e+02 1.018e+02 1.423e+02 1.059e+02 1.444e+02 1.172e+02 1.988e+02 9.120e+01 2.022e+02 1.019e+02 1.486e+02 1.084e+02 205 95 1.572e+02 1.533e+02 1.901e+02 145 1.569e+02 1.458e+02 1.703e+02 1.533e+02 1.637e+02 1.775e+02 2.114e+02 1.659e+02 1.778e+02 1.686e+02 1.802e+02 1.761e+02 1.804e+02 1.779e+02 1.825e+02 187 1.917e+02 219
helen/10407038_1.jpg 21 31 143 143 3.390e+01 7.680e+01 1.361e+02 6.560e+01 7.920e+01 7.670e+01 1.149e+02 7.140e+01 5.090e+01 7.070e+01 5.120e+01 7.780e+01 1.266e+02 6.220e+01 1.275e+02 6.770e+01 4.840e+01 9.040e+01 1.298e+02 8.140e+01 7.710e+01 9.140e+01 1.083e+02 8.680e+01 6.210e+01 8.370e+01 6.170e+01 9.390e+01 1.192e+02 7.690e+01 1.203e+02 8.760e+01 60 8.780e+01 1.174e+02 8.160e+01 81 1.289e+02 1.144e+02 1.246e+02 1.051e+02 1.215e+02 101 132 7.280e+01 1.506e+02 1.143e+02 1.438e+02 9.640e+01 1.438e+02 9.720e+01 1.473e+02 9.660e+01 1.525e+02 9.780e+01 1.609e+02 9.770e+01 1.826e+02
helen/104074861_1.jpg 114 53 158 158 1.359e+02 1.164e+02 2.297e+02 9.080e+01 1.667e+02 110 1.931e+02 1.017e+02 150 108 1.503e+02 1.136e+02 210 9.110e+01 2.119e+02 9.560e+01 1.455e+02 1.275e+02 227 1.053e+02 1.708e+02 1.213e+02 2.022e+02 1.113e+02 1.573e+02 1.202e+02 1.579e+02 1.267e+02 2.145e+02 104 2.164e+02 1.105e+02 1.591e+02 1.222e+02 2.139e+02 1.072e+02 1.765e+02 1.574e+02 211 1.463e+02 1.847e+02 1.472e+02 1.926e+02 1.589e+02 1.767e+02 1.792e+02 2.257e+02 1.667e+02 1.986e+02 172 1.996e+02 1.741e+02 1.996e+02 1.743e+02 2.001e+02 1.776e+02 2.111e+02 2.149e+02
helen/1045887134_1.jpg 24 48 136 136 4.730e+01 9.120e+01 1.446e+02 8.940e+01 8.280e+01 9.270e+01 1.113e+02 9.130e+01 65 87 6.440e+01 92 125 8.610e+01 1.262e+02 9.060e+01 5.410e+01 1.005e+02 1.432e+02 99 8.130e+01 1.044e+02 1.134e+02 1.038e+02 68 9.770e+01 67 1.034e+02 125 9.650e+01 127 1.022e+02 6.910e+01 1.003e+02 1.271e+02 9.890e+01 7.610e+01 1.398e+02 1.181e+02 1.378e+02 9.470e+01 136 96 1.449e+02 7.090e+01 1.512e+02 1.312e+02 1.504e+02 9.810e+01 1.527e+02 9.820e+01 156 9.860e+01 1.654e+02 99 1.729e+02 9.990e+01 1.921e+02
helen/1050957686_1.jpg 137 112 163 163 1.655e+02 1.701e+02 2.635e+02 1.617e+02 2.005e+02 1.619e+02 2.294e+02 1.623e+02 181 157 1.809e+02 163 2.441e+02 152 2.457e+02 1.588e+02 1.773e+02 1.867e+02 2.578e+02 1.801e+02 2.007e+02 1.862e+02 2.326e+02 1.843e+02 189 1.809e+02 190 1.889e+02 2.467e+02 1.766e+02 247 1.842e+02 1.905e+02 1.846e+02 2.478e+02 1.803e+02 202 2.149e+02 2.384e+02 2.136e+02 2.181e+02 2.087e+02 2.199e+02 2.204e+02 194 242 254 2.374e+02 2.226e+02 2.348e+02 2.228e+02 2.397e+02 2.227e+02 2.551e+02 2.222e+02 2.633e+02 2.254e+02 2.945e+02
helen/1050957686_2.jpg 111 93 144 144 136 138 226 134 1.698e+02 1.389e+02 193 139 153 135 152 139 209 131 210 135 1.401e+02 1.501e+02 2.212e+02 146 1.652e+02 1.527e+02 1.992e+02 1.503e+02 1.538e+02 1.452e+02 1.537e+02 1.525e+02 2.086e+02 1.431e+02 2.098e+02 1.496e+02 1.551e+02 1.489e+02 2.085e+02 1.467e+02 1.648e+02 1.847e+02 2.019e+02 1.825e+02 1.836e+02 1.794e+02 1.842e+02 1.899e+02 157 200 2.096e+02 1.996e+02 1.835e+02 197 1.833e+02 2.019e+02 1.836e+02 2.123e+02 1.835e+02 2.204e+02 1.834e+02 2.413e+02
helen/105300174_1.jpg 54 51 165 165 8.340e+01 1.012e+02 1.902e+02 1.092e+02 1.218e+02 9.910e+01 1.571e+02 1.038e+02 1.011e+02 9.090e+01 1.013e+02 9.560e+01 1.744e+02 9.840e+01 1.733e+02 1.034e+02 9.540e+01 114 1.774e+02 1.197e+02 1.202e+02 1.161e+02 1.533e+02 1.194e+02 1.072e+02 1.086e+02 1.063e+02 1.167e+02 1.656e+02 1.133e+02 1.657e+02 1.209e+02 1.069e+02 113 165 1.178e+02 1.206e+02 1.565e+02 1.523e+02 1.584e+02 1.376e+02 1.535e+02 1.364e+02 1.638e+02 1.124e+02 1.807e+02 1.565e+02 1.836e+02 1.359e+02 1.772e+02 1.352e+02 1.838e+02 1.353e+02 1.874e+02 1.349e+02 1.935e+02 132 225
helen/105300174_2.jpg 101 67 142 142 1.234e+02 1.135e+02 2.218e+02 1.164e+02 1.534e+02 1.131e+02 1.843e+02 1.155e+02 1.386e+02 106 1.394e+02 1.102e+02 1.991e+02 108 2.001e+02 1.127e+02 1.314e+02 1.234e+02 2.124e+02 1.252e+02 1.542e+02 1.255e+02 1.882e+02 1.266e+02 1.428e+02 1.185e+02 1.432e+02 1.263e+02 201 1.192e+02 201 128 1.432e+02 1.216e+02 202 123 1.527e+02 159 189 1.593e+02 1.712e+02 160 1.706e+02 1.687e+02 1.435e+02 1.747e+02 2.012e+02 1.744e+02 1.701e+02 1.727e+02 1.701e+02 1.774e+02 1.702e+02 1.864e+02 1.701e+02 1.962e+02 1.695e+02 2.187e+02
helen/105455387_1.jpg 58 69 125 125 7.180e+01 1.159e+02 1.638e+02 8.810e+01 9.770e+01 1.047e+02 1.339e+02 9.390e+01 8.350e+01 1.072e+02 8.510e+01 1.109e+02 146 89 1.473e+02 9.230e+01 8.130e+01 1.277e+02 1.592e+02 1.022e+02 1.057e+02 1.222e+02 137 1.114e+02 9.180e+01 1.195e+02 9.590e+01 1.277e+02 1.455e+02 1.017e+02 1.492e+02 110 9.390e+01 1.237e+02 1.469e+02 106 1.145e+02 1.468e+02 1.445e+02 1.377e+02 1.267e+02 1.338e+02 1.285e+02 1.434e+02 1.181e+02 1.676e+02 1.533e+02 1.575e+02 134 1.577e+02 1.353e+02 162 1.357e+02 1.627e+02 1.385e+02 1.704e+02 1.423e+02 1.853e+02
helen/105538305_1.jpg 52 35 151 151 7.640e+01 79 180 8.430e+01 1.076e+02 7.720e+01 1.418e+02 82 8.780e+01 7.240e+01 8.830e+01 7.610e+01 159 77 1.594e+02 8.060e+01 8.440e+01 9.480e+01 1.672e+02 9.810e+01 1.104e+02 9.690e+01 1.423e+02 1.002e+02 9.610e+01 8.890e+01 9.670e+01 1.009e+02 1.542e+02 9.180e+01 1.551e+02 103 9.880e+01 9.390e+01 1.534e+02 9.660e+01 1.079e+02 1.323e+02 1.404e+02 1.318e+02 124 128 1.243e+02 1.377e+02 1.033e+02 1.482e+02 1.489e+02 150 1.251e+02 1.511e+02 1.252e+02 1.531e+02 1.252e+02 1.536e+02 1.269e+02 1.602e+02 1.276e+02 1.848e+02
helen/106242334_1.jpg 96 122 138 138 1.218e+02 1.666e+02 2.072e+02 1.486e+02 1.583e+02 1.551e+02 1.881e+02 1.512e+02 1.373e+02 1.546e+02 1.383e+02 1.595e+02 1.988e+02 1.456e+02 1.986e+02 1.501e+02 1.273e+02 183 206 1.665e+02 1.557e+02 1.777e+02 1.861e+02 1.697e+02 1.445e+02 1.815e+02 1.446e+02 1.838e+02 1.982e+02 1.682e+02 1.985e+02 1.697e+02 1.448e+02 1.825e+02 1.982e+02 1.688e+02 1.661e+02 2.082e+02 1.971e+02 2.011e+02 186 192 1.855e+02 206 1.637e+02 2.345e+02 2.019e+02 2.224e+02 1.903e+02 2.172e+02 1.922e+02 2.264e+02 1.924e+02 2.272e+02 1.934e+02 2.355e+02 1.886e+02 2.606e+02
helen/106326063_1.jpg 114 96 168 168 1.434e+02 1.549e+02 2.525e+02 1.383e+02 1.831e+02 1.549e+02 2.047e+02 1.515e+02 1.618e+02 1.499e+02 1.615e+02 1.559e+02 2.265e+02 1.398e+02 2.283e+02 1.459e+02 1.566e+02 1.673e+02 2.429e+02 1.547e+02 1.831e+02 1.658e+02 2.137e+02 1.611e+02 1.679e+02 164 169 171 2.277e+02 156 2.279e+02 1.631e+02 1.668e+02 1.667e+02 2.261e+02 1.592e+02 1.869e+02 204 2.205e+02 2.034e+02 2.013e+02 2.019e+02 2.035e+02 2.138e+02 1.845e+02 2.305e+02 2.315e+02 2.284e+02 2.047e+02 2.253e+02 2.063e+02 2.325e+02 2.065e+02 2.332e+02 2.077e+02 2.441e+02 211 268
helen/106348540_1.jpg 83 29 130 130 1.069e+02 7.210e+01 1.915e+02 52 1.457e+02 63 1.704e+02 6.020e+01 1.225e+02 6.160e+01 1.254e+02 6.610e+01 1.827e+02 4.940e+01 1.832e+02 5.460e+01 1.119e+02 8.610e+01 1.904e+02 6.740e+01 1.401e+02 8.370e+01 1.709e+02 7.560e+01 1.259e+02 7.760e+01 1.269e+02 8.720e+01 179 6.470e+01 1.828e+02 7.390e+01 1.226e+02 8.240e+01 1.769e+02 6.990e+01 1.502e+02 1.132e+02 1.833e+02 1.067e+02 1.715e+02 9.830e+01 1.703e+02 1.127e+02 1.423e+02 1.407e+02 1.879e+02 1.282e+02 1.759e+02 1.249e+02 177 1.332e+02 1.775e+02 1.338e+02 179 1.419e+02 1.671e+02 1.687e+02
helen/106393487_1.jpg 130 42 162 162 1.649e+02 8.520e+01 2.613e+02 9.170e+01 1.873e+02 8.810e+01 2.182e+02 9.090e+01 1.727e+02 7.680e+01 1.741e+02 8.390e+01 2.377e+02 8.130e+01 2.371e+02 8.770e+01 1.624e+02 1.037e+02 252 1.087e+02 1.898e+02 1.059e+02 2.224e+02 1.089e+02 1.732e+02 98 1.741e+02 1.039e+02 2.342e+02 1.032e+02 2.344e+02 1.092e+02 1.744e+02 102 234 1.061e+02 1.823e+02 1.465e+02 2.254e+02 1.464e+02 1.942e+02 1.431e+02 1.997e+02 1.514e+02 1.834e+02 1.647e+02 243 1.716e+02 2.028e+02 1.621e+02 2.031e+02 1.683e+02 2.008e+02 184 2.004e+02 193 2.021e+02 2.259e+02
helen/10697993_1.jpg 59 100 185 185 1.019e+02 1.576e+02 2.059e+02 1.604e+02 1.203e+02 1.569e+02 1.431e+02 1.534e+02 1.067e+02 1.481e+02 1.068e+02 1.567e+02 1.668e+02 1.416e+02 167 1.518e+02 1.064e+02 1.744e+02 1.881e+02 1.689e+02 1.259e+02 1.722e+02 1.607e+02 1.687e+02 1.134e+02 1.703e+02 1.143e+02 1.752e+02 1.694e+02 166 1.701e+02 1.706e+02 1.146e+02 1.724e+02 170 1.677e+02 1.199e+02 2.182e+02 1.551e+02 211 1.168e+02 2.031e+02 1.297e+02 2.213e+02 1.251e+02 243 1.811e+02 2.381e+02 1.299e+02 2.319e+02 1.317e+02 238 139 2.537e+02 1.377e+02 2.622e+02 1.397e+02 3.048e+02
helen/1070861406_1.jpg 114 93 144 144 1.329e+02 1.362e+02 2.357e+02 1.294e+02 1.698e+02 1.334e+02 2.034e+02 133 1.514e+02 1.279e+02 1.516e+02 1.324e+02 2.167e+02 1.264e+02 2.172e+02 1.306e+02 1.449e+02 1.499e+02 2.281e+02 1.458e+02 170 1.507e+02 2.043e+02 1.497e+02 1.584e+02 1.459e+02 158 1.516e+02 2.158e+02 1.427e+02 2.161e+02 1.488e+02 1.587e+02 1.488e+02 2.149e+02 1.455e+02 1.674e+02 1.814e+02 2.095e+02 1.786e+02 1.888e+02 1.768e+02 1.887e+02 1.873e+02 1.598e+02 2.011e+02 2.181e+02 1.984e+02 188 196 188 2.008e+02 1.884e+02 2.107e+02 1.886e+02 219 1.882e+02 2.476e+02
helen/107288942_1.jpg 45 59 116 116 59 8.840e+01 1.467e+02 8.860e+01 8.220e+01 8.520e+01 1.234e+02 8.770e+01 7.020e+01 8.080e+01 7.050e+01 8.630e+01 1.334e+02 8.350e+01 1.337e+02 8.830e+01 6.180e+01 1.039e+02 1.462e+02 1.058e+02 8.880e+01 1.045e+02 1.202e+02 1.045e+02 76 1.004e+02 7.570e+01 1.053e+02 1.324e+02 101 1.335e+02 1.065e+02 7.640e+01 1.029e+02 1.327e+02 1.035e+02 8.510e+01 132 1.228e+02 1.329e+02 1.045e+02 1.269e+02 1.047e+02 1.368e+02 8.120e+01 1.532e+02 1.257e+02 1.545e+02 1.043e+02 1.477e+02 1.043e+02 1.558e+02 1.044e+02 1.564e+02 1.041e+02 163 1.033e+02 1.856e+02
helen/107635070_1.jpg 6 24 118 118 1.530e+01 5.970e+01 113 60 4.620e+01 5.460e+01 78 59 31 5.160e+01 3.050e+01 5.680e+01 96 55 9.580e+01 5.950e+01 2.640e+01 6.960e+01 1.071e+02 7.310e+01 4.920e+01 7.150e+01 8.230e+01 7.280e+01 3.850e+01 6.380e+01 3.770e+01 7.470e+01 9.410e+01 6.620e+01 95 7.690e+01 39 69 9.330e+01 7.050e+01 4.890e+01 9.760e+01 7.810e+01 9.770e+01 62 91 62 101 4.170e+01 1.198e+02 8.070e+01 1.195e+02 6.110e+01 1.117e+02 6.080e+01 1.174e+02 6.070e+01 1.183e+02 6.120e+01 1.272e+02 6.110e+01 1.516e+02
helen/1079156334_1.jpg 59 64 163 163 9.040e+01 124 1.938e+02 1.147e+02 126 1.226e+02 1.553e+02 1.194e+02 1.087e+02 1.173e+02 1.087e+02 1.231e+02 1.736e+02 112 1.757e+02 1.172e+02 9.930e+01 1.313e+02 1.853e+02 1.261e+02 1.268e+02 1.301e+02 1.592e+02 129 1.129e+02 1.256e+02 1.128e+02 132 173 122 1.739e+02 1.293e+02 114 1.289e+02 1.731e+02 1.247e+02 1.228e+02 1.667e+02 1.642e+02 1.641e+02 140 1.675e+02 1.433e+02 1.784e+02 1.142e+02 1.818e+02 1.842e+02 1.754e+02 1.441e+02 1.836e+02 1.449e+02 1.869e+02 1.451e+02 1.906e+02 1.453e+02 1.956e+02 149 2.316e+02
helen/108349477_1.jpg 119 77 173 173 1.591e+02 1.339e+02 2.555e+02 1.291e+02 1.816e+02 1.292e+02 2.166e+02 1.291e+02 1.688e+02 1.249e+02 1.695e+02 1.299e+02 2.321e+02 1.246e+02 2.335e+02 1.311e+02 1.678e+02 1.471e+02 2.538e+02 1.471e+02 1.906e+02 1.479e+02 2.237e+02 1.477e+02 1.788e+02 1.413e+02 1.783e+02 1.506e+02 2.371e+02 1.407e+02 2.374e+02 1.504e+02 183 146 239 145 1.831e+02 1.865e+02 217 1.869e+02 1.911e+02 1.733e+02 1.967e+02 1.906e+02 1.764e+02 2.123e+02 2.241e+02 2.159e+02 1.949e+02 2.014e+02 197 2.087e+02 1.971e+02 210 1.971e+02 2.166e+02 1.979e+02 2.495e+02
helen/109209934_1.jpg 18 56 157 157 4.210e+01 1.144e+02 1.449e+02 1.114e+02 82 1.019e+02 1.071e+02 1.014e+02 5.330e+01 9.840e+01 5.680e+01 1.064e+02 1.288e+02 9.720e+01 127 105 5.290e+01 1.207e+02 1.369e+02 1.175e+02 7.680e+01 120 1.127e+02 1.192e+02 6.510e+01 1.128e+02 6.540e+01 1.206e+02 123 111 1.246e+02 1.176e+02 6.470e+01 1.174e+02 1.251e+02 1.143e+02 8.010e+01 1.601e+02 1.189e+02 160 1.014e+02 1.507e+02 1.007e+02 1.672e+02 7.320e+01 1.892e+02 1.245e+02 1.851e+02 1.023e+02 1.824e+02 1.028e+02 1.886e+02 1.027e+02 1.889e+02 1.031e+02 1.941e+02 1.048e+02 2.282e+02
helen/1092587063_1.jpg 129 128 137 137 1.489e+02 1.777e+02 2.466e+02 1.518e+02 1.757e+02 1.667e+02 2.054e+02 1.596e+02 160 163 1.602e+02 1.695e+02 2.232e+02 1.457e+02 2.249e+02 1.541e+02 1.588e+02 1.888e+02 2.425e+02 1.725e+02 1.833e+02 1.851e+02 2.152e+02 1.788e+02 1.695e+02 1.823e+02 1.715e+02 1.917e+02 2.277e+02 1.698e+02 2.293e+02 1.794e+02 1.725e+02 187 2.306e+02 1.736e+02 185 2.233e+02 2.184e+02 2.209e+02 1.942e+02 2.132e+02 2.007e+02 2.257e+02 1.843e+02 2.486e+02 229 2.385e+02 2.022e+02 2.401e+02 2.046e+02 2.459e+02 2.049e+02 2.467e+02 2.064e+02 2.561e+02 2.147e+02 2.849e+02
helen/110520830_6.jpg 144 4 152 152 1.719e+02 5.260e+01 2.705e+02 50 2.043e+02 51 2.374e+02 4.820e+01 1.879e+02 46 1.886e+02 52 254 43 2.549e+02 4.830e+01 180 6.970e+01 260 7.170e+01 2.045e+02 6.820e+01 2.382e+02 7.020e+01 1.924e+02 6.260e+01 1.925e+02 7.270e+01 2.486e+02 6.560e+01 2.498e+02 7.460e+01 194 6.650e+01 2.496e+02 6.980e+01 2.047e+02 1.072e+02 2.366e+02 1.083e+02 2.218e+02 9.660e+01 2.214e+02 110 1.947e+02 1.391e+02 2.446e+02 1.413e+02 2.207e+02 1.331e+02 2.201e+02 1.382e+02 2.202e+02 1.386e+02 2.201e+02 1.423e+02 220 1.824e+02
helen/110592002_1.jpg 126 47 153 153 1.483e+02 9.310e+01 2.463e+02 8.240e+01 1.849e+02 8.270e+01 215 8.150e+01 1.637e+02 7.970e+01 164 8.610e+01 2.299e+02 7.620e+01 2.304e+02 8.320e+01 1.597e+02 1.043e+02 2.407e+02 1.006e+02 1.837e+02 1.039e+02 216 1.037e+02 1.711e+02 9.770e+01 171 1.062e+02 2.301e+02 9.640e+01 2.312e+02 1.047e+02 1.707e+02 1.013e+02 2.301e+02 1.002e+02 1.871e+02 136 2.194e+02 1.355e+02 2.055e+02 1.273e+02 2.058e+02 1.402e+02 1.739e+02 1.556e+02 2.301e+02 1.557e+02 2.056e+02 1.467e+02 2.051e+02 1.562e+02 2.059e+02 1.652e+02 2.063e+02 1.724e+02 2.083e+02 2.041e+02
helen/110886318_1.jpg 65 21 153 153 9.460e+01 6.450e+01 191 78 127 6.650e+01 159 7.290e+01 112 58 111 64 175 68 175 74 1.002e+02 7.980e+01 1.827e+02 9.050e+01 1.253e+02 8.440e+01 1.579e+02 8.830e+01 1.134e+02 7.430e+01 1.127e+02 8.360e+01 1.708e+02 8.210e+01 1.713e+02 9.080e+01 1.132e+02 7.880e+01 1.704e+02 8.650e+01 1.214e+02 1.121e+02 1.553e+02 1.143e+02 1.381e+02 1.045e+02 1.373e+02 1.182e+02 109 1.368e+02 160 141 1.351e+02 1.302e+02 1.348e+02 1.354e+02 1.343e+02 1.513e+02 1.337e+02 1.608e+02 1.319e+02 1.831e+02
helen/110890106_1.jpg 123 99 132 132 134 145 2.319e+02 1.341e+02 1.681e+02 1.401e+02 204 1.378e+02 1.506e+02 1.371e+02 1.505e+02 141 216 132 216 137 1.447e+02 1.549e+02 2.255e+02 1.464e+02 1.709e+02 1.531e+02 2.041e+02 1.515e+02 1.583e+02 1.486e+02 1.588e+02 1.578e+02 216 1.422e+02 2.171e+02 1.523e+02 1.619e+02 152 2.161e+02 1.469e+02 1.772e+02 1.838e+02 208 1.832e+02 1.978e+02 1.788e+02 1.961e+02 1.891e+02 1.689e+02 204 2.139e+02 1.986e+02 1.939e+02 2.017e+02 194 2.044e+02 1.943e+02 2.052e+02 1.947e+02 2.102e+02 1.946e+02 2.384e+02
helen/1110051647_1.jpg 121 101 168 168 155 1.585e+02 2.544e+02 1.533e+02 185 1.542e+02 2.187e+02 1.536e+02 171 149 1.716e+02 1.549e+02 2.352e+02 1.468e+02 2.354e+02 152 1.654e+02 1.743e+02 2.487e+02 1.705e+02 1.904e+02 1.734e+02 223 1.732e+02 1.757e+02 1.682e+02 1.771e+02 1.772e+02 2.355e+02 1.652e+02 2.365e+02 174 1.791e+02 1.733e+02 2.359e+02 1.704e+02 1.884e+02 2.095e+02 2.237e+02 206 1.995e+02 1.967e+02 203 2.119e+02 1.814e+02 2.319e+02 2.399e+02 2.324e+02 2.052e+02 2.278e+02 2.066e+02 2.324e+02 208 2.464e+02 2.082e+02 254 2.108e+02 2.844e+02
helen/1110051647_2.jpg 112 84 157 157 1.451e+02 1.325e+02 2.407e+02 1.369e+02 1.775e+02 1.332e+02 2.069e+02 1.356e+02 1.625e+02 1.271e+02 1.623e+02 1.331e+02 2.224e+02 1.294e+02 2.228e+02 1.357e+02 1.494e+02 1.463e+02 234 1.507e+02 1.741e+02 1.492e+02 2.125e+02 1.514e+02 1.639e+02 1.436e+02 1.611e+02 1.497e+02 2.231e+02 147 2.228e+02 1.532e+02 1.649e+02 1.468e+02 221 150 1.745e+02 1.801e+02 2.082e+02 1.825e+02 1.923e+02 1.802e+02 1.908e+02 1.896e+02 1.659e+02 2.058e+02 2.109e+02 2.077e+02 1.903e+02 1.999e+02 190 2.052e+02 1.883e+02 2.136e+02 1.876e+02 2.263e+02 1.871e+02 2.492e+02
helen/1111575413_1.jpg 119 100 155 155 1.538e+02 1.399e+02 256 1.515e+02 1.828e+02 1.431e+02 2.231e+02 1.444e+02 1.684e+02 1.347e+02 1.667e+02 1.398e+02 2.389e+02 1.408e+02 2.388e+02 1.456e+02 1.596e+02 1.572e+02 2.432e+02 1.689e+02 1.847e+02 1.609e+02 2.145e+02 1.656e+02 1.704e+02 1.544e+02 1.706e+02 1.616e+02 2.267e+02 1.613e+02 2.267e+02 170 1.684e+02 1.573e+02 2.232e+02 164 1.765e+02 1.968e+02 2.106e+02 2.009e+02 1.931e+02 1.945e+02 1.913e+02 2.048e+02 1.641e+02 2.181e+02 2.196e+02 2.272e+02 189 2.169e+02 1.889e+02 2.248e+02 1.888e+02 2.256e+02 1.884e+02 2.335e+02 1.874e+02 2.668e+02
helen/1112052992_1.jpg 114 51 156 156 1.367e+02 1.044e+02 2.424e+02 9.960e+01 1.709e+02 1.036e+02 2.024e+02 1.019e+02 1.534e+02 9.530e+01 1.529e+02 1.016e+02 2.219e+02 92 2.224e+02 9.830e+01 1.475e+02 1.175e+02 2.322e+02 1.138e+02 1.726e+02 1.156e+02 2.062e+02 1.147e+02 1.598e+02 1.111e+02 160 1.182e+02 2.197e+02 1.099e+02 2.204e+02 1.147e+02 1.591e+02 1.144e+02 2.206e+02 1.125e+02 1.699e+02 151 2.102e+02 1.477e+02 1.908e+02 1.459e+02 1.899e+02 1.583e+02 1.636e+02 1.729e+02 2.231e+02 1.688e+02 1.898e+02 1.641e+02 1.906e+02 1.714e+02 1.908e+02 1.814e+02 1.911e+02 1.897e+02 1.922e+02 2.231e+02
helen/111287440_1.jpg 157 66 161 161 1.885e+02 1.099e+02 2.736e+02 124 222 107 2.488e+02 1.135e+02 2.032e+02 1.029e+02 2.045e+02 1.091e+02 2.617e+02 1.196e+02 2.627e+02 1.109e+02 1.909e+02 1.253e+02 2.694e+02 1.404e+02 2.227e+02 1.274e+02 2.518e+02 1.342e+02 2.091e+02 1.216e+02 2.081e+02 1.292e+02 2.639e+02 133 2.629e+02 1.396e+02 2.116e+02 1.256e+02 266 1.371e+02 2.163e+02 1.618e+02 2.585e+02 1.674e+02 2.491e+02 1.564e+02 2.425e+02 1.707e+02 2.092e+02 1.908e+02 253 1.929e+02 2.387e+02 1.823e+02 2.368e+02 1.893e+02 2.341e+02 1.957e+02 2.341e+02 2.066e+02 2.293e+02 2.422e+02
helen/111510095_1.jpg 37 74 116 116 4.220e+01 1.033e+02 1.378e+02 9.260e+01 7.380e+01 1.061e+02 1.061e+02 1.013e+02 5.510e+01 9.990e+01 5.470e+01 1.043e+02 121 9.260e+01 1.214e+02 9.860e+01 5.480e+01 1.162e+02 1.323e+02 1.075e+02 7.740e+01 115 1.093e+02 1.119e+02 6.610e+01 1.171e+02 6.640e+01 119 1.225e+02 111 123 1.126e+02 6.650e+01 1.183e+02 1.229e+02 112 8.260e+01 1.453e+02 1.097e+02 144 9.370e+01 143 9.670e+01 1.513e+02 8.020e+01 162 1.157e+02 1.596e+02 9.820e+01 1.608e+02 9.890e+01 165 99 1.646e+02 9.920e+01 1.699e+02 1.017e+02 1.845e+02
helen/1115234911_1.jpg 131 48 159 159 1.543e+02 9.890e+01 2.623e+02 9.570e+01 1.863e+02 9.710e+01 2.244e+02 9.660e+01 1.657e+02 9.160e+01 167 9.650e+01 2.422e+02 8.870e+01 2.424e+02 9.370e+01 1.596e+02 114 2.593e+02 1.149e+02 1.885e+02 1.127e+02 2.289e+02 1.126e+02 1.759e+02 1.097e+02 1.754e+02 1.124e+02 2.412e+02 1.095e+02 2.418e+02 1.129e+02 1.763e+02 1.111e+02 2.404e+02 111 191 1.459e+02 2.304e+02 1.453e+02 2.104e+02 1.451e+02 2.108e+02 1.542e+02 1.884e+02 1.713e+02 2.323e+02 1.736e+02 2.104e+02 1.693e+02 2.105e+02 1.759e+02 2.106e+02 177 2.104e+02 1.825e+02 2.109e+02 2.063e+02
helen/1422700214_1.jpg 10 54 119 119 1.970e+01 9.030e+01 1.106e+02 8.410e+01 4.860e+01 8.710e+01 8.130e+01 8.530e+01 34 8.240e+01 34 8.730e+01 9.550e+01 7.920e+01 9.530e+01 8.380e+01 2.720e+01 1.027e+02 1.065e+02 9.740e+01 4.920e+01 1.039e+02 8.340e+01 1.027e+02 3.870e+01 9.810e+01 3.790e+01 1.081e+02 9.530e+01 9.370e+01 9.840e+01 1.033e+02 4.070e+01 1.019e+02 9.560e+01 9.850e+01 5.160e+01 134 8.430e+01 1.321e+02 6.750e+01 1.284e+02 6.770e+01 1.384e+02 4.980e+01 1.538e+02 8.830e+01 1.509e+02 6.670e+01 150 6.720e+01 1.544e+02 6.710e+01 1.547e+02 68 1.608e+02 7.050e+01 1.804e+02
helen/1425317189_1.jpg 51 108 187 187 9.640e+01 1.605e+02 1.907e+02 1.707e+02 1.186e+02 1.664e+02 1.496e+02 1.678e+02 1.054e+02 1.581e+02 1.065e+02 1.623e+02 1.678e+02 166 1.685e+02 170 1.025e+02 174 1.855e+02 1.854e+02 125 1.789e+02 1.567e+02 1.842e+02 1.157e+02 171 1.134e+02 1.792e+02 1.702e+02 1.789e+02 173 187 1.203e+02 1.751e+02 1.761e+02 1.822e+02 1.148e+02 2.193e+02 1.429e+02 220 1.138e+02 2.096e+02 125 2.237e+02 1.151e+02 2.413e+02 1.591e+02 2.471e+02 1.264e+02 2.401e+02 1.279e+02 2.483e+02 128 249 1.268e+02 2.577e+02 1.285e+02 2.912e+02
helen/1425321029_1.jpg 48 88 155 155 8.420e+01 1.339e+02 1.768e+02 1.345e+02 1.077e+02 1.311e+02 1.412e+02 1.329e+02 9.210e+01 1.267e+02 93 1.303e+02 1.589e+02 1.294e+02 1.592e+02 1.331e+02 8.990e+01 1.492e+02 1.726e+02 1.533e+02 1.119e+02 1.477e+02 1.437e+02 151 1.012e+02 1.405e+02 1.014e+02 1.502e+02 1.579e+02 1.435e+02 1.588e+02 1.537e+02 1.072e+02 1.459e+02 1.625e+02 1.489e+02 9.920e+01 1.794e+02 1.307e+02 179 1.047e+02 165 1.094e+02 1.803e+02 9.480e+01 2.084e+02 141 210 1.076e+02 1.927e+02 1.077e+02 1.993e+02 1.098e+02 210 1.083e+02 2.195e+02 1.033e+02 2.518e+02
helen/1425648903_1.jpg 146 117 152 152 1.752e+02 1.552e+02 2.727e+02 1.644e+02 2.104e+02 1.557e+02 2.386e+02 1.597e+02 1.927e+02 1.492e+02 1.923e+02 1.547e+02 2.533e+02 1.553e+02 2.539e+02 1.603e+02 1.792e+02 1.711e+02 2.614e+02 1.784e+02 2.049e+02 1.739e+02 239 1.785e+02 1.938e+02 168 1.921e+02 1.732e+02 2.508e+02 1.739e+02 2.504e+02 1.788e+02 1.947e+02 1.705e+02 2.503e+02 1.764e+02 1.993e+02 2.118e+02 2.395e+02 2.137e+02 2.192e+02 2.067e+02 219 220 1.868e+02 2.359e+02 2.486e+02 2.391e+02 2.175e+02 2.322e+02 2.176e+02 2.386e+02 2.177e+02 2.529e+02 2.174e+02 2.637e+02 2.131e+02 2.869e+02
helen/1425648903_2.jpg 104 87 132 132 123 130 2.144e+02 1.196e+02 1.513e+02 1.238e+02 1.867e+02 1.212e+02 1.343e+02 1.202e+02 1.348e+02 1.231e+02 1.995e+02 1.161e+02 2.001e+02 1.182e+02 1.317e+02 1.376e+02 2.095e+02 1.338e+02 1.543e+02 1.396e+02 1.885e+02 137 1.419e+02 1.327e+02 1.417e+02 1.398e+02 1.984e+02 1.295e+02 2.004e+02 1.363e+02 144 136 198 133 1.559e+02 1.674e+02 1.889e+02 1.663e+02 1.732e+02 1.645e+02 1.728e+02 1.737e+02 1.489e+02 1.897e+02 1.988e+02 1.845e+02 1.726e+02 1.845e+02 1.725e+02 1.883e+02 1.735e+02 1.955e+02 1.737e+02 2.043e+02 174 2.274e+02
helen/1426539072_1.jpg 137 108 159 159 1.636e+02 1.686e+02 2.654e+02 1.565e+02 1.989e+02 1.597e+02 229 157 1.795e+02 1.562e+02 1.799e+02 1.611e+02 248 148 2.463e+02 1.537e+02 1.745e+02 1.803e+02 2.562e+02 1.715e+02 1.989e+02 1.788e+02 2.316e+02 1.743e+02 1.859e+02 173 1.855e+02 1.822e+02 244 167 2.442e+02 1.756e+02 1.862e+02 1.776e+02 2.429e+02 1.715e+02 2.002e+02 210 2.392e+02 2.093e+02 2.176e+02 2.035e+02 2.192e+02 2.164e+02 191 2.351e+02 2.469e+02 2.319e+02 2.176e+02 2.297e+02 2.178e+02 2.344e+02 2.175e+02 2.487e+02 2.176e+02 2.553e+02 2.197e+02 2.891e+02
helen/1426539072_2.jpg 111 90 139 139 1.365e+02 1.303e+02 2.265e+02 128 1.669e+02 1.269e+02 1.973e+02 1.291e+02 1.517e+02 1.218e+02 1.516e+02 126 2.116e+02 1.239e+02 2.128e+02 1.279e+02 1.417e+02 1.429e+02 2.203e+02 1.442e+02 1.635e+02 1.442e+02 2.004e+02 1.457e+02 1.538e+02 1.389e+02 153 1.441e+02 210 1.401e+02 2.119e+02 1.459e+02 1.544e+02 1.419e+02 2.094e+02 1.437e+02 1.634e+02 1.725e+02 2.001e+02 1.738e+02 1.854e+02 1.687e+02 1.848e+02 1.804e+02 1.547e+02 1.971e+02 2.096e+02 1.961e+02 1.835e+02 1.896e+02 1.832e+02 1.945e+02 1.805e+02 2.064e+02 181 2.153e+02 1.813e+02 2.426e+02
helen/1426553012_1.jpg 115 106 158 158 1.464e+02 161 2.375e+02 1.382e+02 1.728e+02 1.524e+02 2.049e+02 1.469e+02 1.575e+02 1.498e+02 1.584e+02 1.534e+02 218 1.349e+02 2.197e+02 1.395e+02 1.554e+02 1.723e+02 2.355e+02 1.552e+02 1.792e+02 1.691e+02 2.134e+02 1.611e+02 167 166 1.685e+02 1.711e+02 2.219e+02 1.533e+02 2.251e+02 1.586e+02 1.679e+02 1.686e+02 2.238e+02 1.563e+02 1.816e+02 2.058e+02 222 1.969e+02 197 2.006e+02 2.027e+02 2.096e+02 1.815e+02 2.287e+02 238 2.152e+02 2.062e+02 2.184e+02 2.072e+02 2.233e+02 2.081e+02 2.319e+02 2.093e+02 239 214 2.669e+02
helen/142661608_1.jpg 147 69 146 146 1.666e+02 1.108e+02 2.676e+02 1.102e+02 2.116e+02 105 2.393e+02 1.107e+02 1.877e+02 97 1.879e+02 1.024e+02 252 104 2.525e+02 1.091e+02 1.786e+02 1.244e+02 2.591e+02 1.265e+02 2.043e+02 1.244e+02 2.356e+02 1.264e+02 1.915e+02 1.176e+02 1.918e+02 1.261e+02 2.485e+02 1.196e+02 2.483e+02 1.285e+02 1.914e+02 1.216e+02 2.458e+02 1.244e+02 2.088e+02 161 2.404e+02 1.645e+02 2.342e+02 1.599e+02 2.292e+02 1.676e+02 196 1.833e+02 2.433e+02 1.843e+02 2.291e+02 1.816e+02 2.268e+02 1.883e+02 2.268e+02 1.891e+02 2.266e+02 195 2.215e+02 2.301e+02
helen/1429029478_1.jpg 108 104 149 149 134 1.385e+02 2.272e+02 1.431e+02 1.707e+02 1.378e+02 201 1.422e+02 153 1.326e+02 1.529e+02 1.381e+02 214 138 2.148e+02 1.431e+02 1.404e+02 1.563e+02 2.231e+02 1.634e+02 1.654e+02 160 2.006e+02 163 1.545e+02 1.528e+02 1.531e+02 1.629e+02 2.132e+02 157 2.142e+02 1.673e+02 152 158 2.092e+02 1.621e+02 1.669e+02 1.977e+02 2.032e+02 1.967e+02 1.901e+02 1.881e+02 1.873e+02 2.008e+02 1.617e+02 2.216e+02 2.055e+02 2.226e+02 184 211 1.845e+02 2.174e+02 1.854e+02 2.229e+02 1.866e+02 2.319e+02 1.841e+02 261
helen/1429860583_1.jpg 109 35 156 156 140 84 2.346e+02 8.480e+01 1.722e+02 7.990e+01 201 82 1.563e+02 7.630e+01 156 8.120e+01 2.192e+02 7.840e+01 2.193e+02 8.320e+01 146 9.970e+01 228 1.017e+02 1.713e+02 9.840e+01 2.053e+02 1.008e+02 1.593e+02 95 1.591e+02 1.016e+02 2.183e+02 9.630e+01 2.174e+02 1.033e+02 160 98 217 100 1.693e+02 1.301e+02 2.041e+02 1.308e+02 1.829e+02 1.233e+02 1.857e+02 1.366e+02 1.583e+02 1.507e+02 2.111e+02 1.575e+02 1.843e+02 1.461e+02 185 1.524e+02 1.847e+02 1.584e+02 1.847e+02 1.671e+02 1.847e+02 1.966e+02
helen/1430618662_1.jpg 40 53 154 154 6.980e+01 1.038e+02 1.634e+02 106 105 104 130 106 87 96 86 102 1.454e+02 1.001e+02 1.457e+02 1.064e+02 7.690e+01 1.125e+02 1.585e+02 1.172e+02 1.009e+02 1.142e+02 135 1.164e+02 8.920e+01 1.079e+02 89 1.148e+02 147 1.113e+02 1.467e+02 1.188e+02 8.970e+01 1.115e+02 147 115 9.870e+01 150 1.301e+02 1.511e+02 1.118e+02 148 1.139e+02 1.588e+02 86 1.629e+02 1.456e+02 1.653e+02 1.137e+02 166 1.136e+02 1.705e+02 1.133e+02 1.787e+02 1.129e+02 1.867e+02 1.113e+02 2.184e+02
helen/143196796_1.jpg 107 72 150 150 135 127 236 127 165 128 192 127 148 120 148 126 215 120 215 126 141 136 226 134 164 136 199 137 152 131 152 138 211 131 213 138 153 134 212 134 164 170 198 169 176 170 177 180 162 188 214 190 185 187 185 192 184 199 184 207 188 237
helen/1434217156_1.jpg 82 49 170 170 124 101 221 108 156 105 180 107 140 99 140 104 202 105 203 109 131 110 209 117 153 114 184 116 143 108 141 117 197 112 196 121 143 113 197 117 147 146 178 148 160 143 160 152 140 171 186 175 162 164 161 170 162 173 161 180 160 206
helen/1436253170_1.jpg 142 99 150 150 1.598e+02 1.517e+02 2.621e+02 1.395e+02 2.079e+02 1.401e+02 2.348e+02 1.442e+02 1.806e+02 1.367e+02 1.805e+02 1.457e+02 2.494e+02 1.352e+02 249 142 1.735e+02 1.567e+02 2.538e+02 1.531e+02 1.999e+02 1.573e+02 2.299e+02 1.575e+02 1.866e+02 1.513e+02 1.866e+02 1.594e+02 2.422e+02 1.502e+02 2.432e+02 1.586e+02 1.851e+02 1.549e+02 2.411e+02 1.547e+02 2.019e+02 1.935e+02 2.362e+02 1.948e+02 2.272e+02 1.906e+02 2.232e+02 2.027e+02 187 2.144e+02 2.374e+02 218 2.187e+02 2.177e+02 2.187e+02 220 2.185e+02 2.211e+02 2.187e+02 2.271e+02 216 2.625e+02
helen/143950153_1.jpg 12 30 142 142 33 51 128 59 65 55 84 56 50 46 50 52 104 49 106 55 37 71 121 76 63 73 93 74 51 66 49 76 107 67 107 79 53 71 110 75 55 102 88 102 66 93 70 105 53 134 96 138 72 115 72 126 76 140 78 157 77 189
helen/1439641049_1.jpg 126 88 156 156 160 140 248 138 1.957e+02 138 218 140 1.753e+02 1.334e+02 1.761e+02 1.383e+02 234 133 2.342e+02 1.372e+02 1.655e+02 1.516e+02 243 1.523e+02 1.901e+02 1.522e+02 2.243e+02 1.515e+02 1.788e+02 1.471e+02 1.782e+02 1.557e+02 2.341e+02 1.476e+02 2.335e+02 1.553e+02 1.769e+02 1.511e+02 2.337e+02 1.509e+02 1.898e+02 1.832e+02 2.273e+02 1.836e+02 2.152e+02 1.738e+02 212 187 176 2.035e+02 2.364e+02 205 2.107e+02 2.022e+02 2.108e+02 2.065e+02 2.117e+02 2.141e+02 2.121e+02 2.218e+02 2.122e+02 2.607e+02
helen/14403172_1.jpg 147 118 175 175 1.867e+02 1.618e+02 2.904e+02 1.904e+02 2.237e+02 1.654e+02 2.523e+02 1.758e+02 204 1.534e+02 2.033e+02 1.594e+02 2.727e+02 174 272 180 1.942e+02 1.754e+02 275 200 218 1.801e+02 2.529e+02 1.907e+02 2.061e+02 173 204 180 2.648e+02 1.916e+02 2.616e+02 1.976e+02 2.042e+02 1.758e+02 2.618e+02 1.938e+02 2.076e+02 2.186e+02 2.399e+02 2.283e+02 2.273e+02 2.083e+02 223 224 1.914e+02 2.419e+02 2.403e+02 2.569e+02 218 2.423e+02 2.156e+02 2.493e+02 2.151e+02 2.501e+02 211 2.593e+02 1.984e+02 2.999e+02
helen/1440499238_1.jpg 110 86 157 157 1.472e+02 1.384e+02 2.347e+02 1.341e+02 1.804e+02 1.368e+02 2.051e+02 1.372e+02 162 131 1.624e+02 1.361e+02 218 1.301e+02 2.187e+02 1.355e+02 151 1.493e+02 2.307e+02 1.487e+02 1.769e+02 1.498e+02 2.103e+02 1.493e+02 1.649e+02 1.444e+02 1.644e+02 1.524e+02 2.209e+02 1.436e+02 2.225e+02 1.518e+02 1.636e+02 1.482e+02 2.194e+02 1.472e+02 1.761e+02 1.802e+02 2.114e+02 1.798e+02 2.008e+02 173 1.968e+02 1.844e+02 1.612e+02 1.992e+02 2.203e+02 2.003e+02 1.963e+02 1.962e+02 1.952e+02 202 1.952e+02 2.102e+02 1.942e+02 2.178e+02 195 2.544e+02
helen/1440500396_1.jpg 108 102 179 179 146 180 2.386e+02 1.504e+02 178 170 199 159 160 168 162 173 218 148 219 153 157 187 2.336e+02 1.645e+02 1.776e+02 1.821e+02 2.105e+02 1.714e+02 167 1.795e+02 1.677e+02 1.875e+02 2.207e+02 1.628e+02 2.235e+02 1.709e+02 1.677e+02 1.839e+02 2.233e+02 1.669e+02 1.831e+02 2.162e+02 2.173e+02 205 1.933e+02 2.029e+02 1.984e+02 2.173e+02 1.755e+02 2.355e+02 2.374e+02 2.204e+02 2.041e+02 227 2.067e+02 2.312e+02 2.085e+02 2.365e+02 2.118e+02 2.442e+02 2.213e+02 2.758e+02
helen/1440501186_1.jpg 132 96 146 146 1.633e+02 1.433e+02 2.535e+02 1.444e+02 1.977e+02 1.403e+02 222 143 1.794e+02 1.359e+02 1.794e+02 1.406e+02 239 137 239 142 1.702e+02 1.548e+02 2.489e+02 1.572e+02 1.934e+02 156 2.269e+02 1.568e+02 1.817e+02 1.507e+02 1.815e+02 1.571e+02 2.384e+02 1.526e+02 239 1.587e+02 181 1.544e+02 2.373e+02 1.552e+02 1.943e+02 1.846e+02 2.297e+02 1.865e+02 2.146e+02 1.761e+02 2.129e+02 1.889e+02 1.754e+02 2.052e+02 2.393e+02 207 2.109e+02 2.031e+02 2.109e+02 2.066e+02 2.113e+02 2.165e+02 2.108e+02 226 2.125e+02 262
helen/1440954129_1.jpg 41 68 145 145 57 1.209e+02 1.538e+02 9.750e+01 9.340e+01 1.169e+02 1.236e+02 1.103e+02 7.460e+01 1.136e+02 7.450e+01 1.179e+02 1.365e+02 1.018e+02 1.382e+02 1.051e+02 6.850e+01 1.325e+02 1.524e+02 1.145e+02 9.440e+01 1.304e+02 1.289e+02 1.224e+02 8.030e+01 1.245e+02 8.230e+01 134 1.383e+02 1.124e+02 1.414e+02 1.208e+02 8.220e+01 1.291e+02 1.397e+02 1.167e+02 1.043e+02 1.692e+02 1.346e+02 1.617e+02 1.176e+02 1.598e+02 120 171 104 196 1.457e+02 1.866e+02 1.225e+02 1.811e+02 1.244e+02 1.903e+02 1.246e+02 1.913e+02 1.272e+02 2.022e+02 130 225
helen/1440954875_1.jpg 31 16 121 121 47 50 137 50 79 52 104 51 63 44 62 49 121 43 121 48 51 62 127 63 73 64 104 65 63 58 61 65 116 59 116 66 62 61 116 62 75 93 103 93 91 92 90 101 65 111 110 111 89 108 88 113 89 117 88 124 87 146
helen/1443377029_1.jpg 102 95 181 181 145 155 247 153 177 156 204 152 158 147 159 154 225 144 226 150 154 168 236 166 176 168 210 166 164 162 164 171 222 160 222 169 165 166 222 164 172 206 206 205 184 204 186 214 170 232 220 231 193 227 193 233 192 237 193 245 194 277
helen/1447083015_1.jpg 126 122 160 160 162 163 262 167 188 165 216 165 173 152 172 161 239 158 239 164 171 181 254 183 194 183 226 183 185 174 182 187 240 174 240 189 185 180 242 181 181 222 213 227 189 218 192 231 178 255 227 259 198 247 198 254 198 259 198 269 196 303
helen/1447762196_1.jpg 106 43 150 150 156 82 252 113 182 93 205 99 169 79 168 85 230 100 231 106 159 93 234 116 177 101 209 110 169 92 165 100 222 106 218 116 168 96 221 111 164 137 195 146 174 141 174 151 155 157 201 173 175 163 174 168 174 171 172 179 170 208
helen/144837725_1.jpg 109 108 140 140 1.253e+02 1.633e+02 2.214e+02 1.288e+02 1.538e+02 1.473e+02 1.911e+02 1.325e+02 1.364e+02 1.502e+02 1.379e+02 1.529e+02 201 127 2.026e+02 1.296e+02 1.397e+02 1.704e+02 2.153e+02 1.416e+02 163 1.638e+02 1.947e+02 1.516e+02 1.492e+02 1.613e+02 1.517e+02 1.694e+02 2.017e+02 1.414e+02 2.065e+02 1.486e+02 1.509e+02 1.652e+02 2.015e+02 146 1.743e+02 1.912e+02 2.073e+02 1.799e+02 189 1.762e+02 1.925e+02 1.867e+02 1.763e+02 2.117e+02 217 196 1.972e+02 2.015e+02 1.994e+02 2.043e+02 1.998e+02 2.047e+02 2.025e+02 2.097e+02 2.096e+02 2.352e+02
helen/145548320_1.jpg 43 8 125 125 50 36 144 36 86 37 113 37 67 29 67 36 129 30 129 36 61 46 134 47 84 48 113 48 72 43 73 50 122 43 124 50 73 46 123 47 83 77 114 78 100 79 99 88 72 95 120 95 97 93 97 97 95 106 95 114 94 145
helen/1458242965_1.jpg 120 85 167 167 1.492e+02 1.401e+02 2.496e+02 1.408e+02 1.857e+02 1.354e+02 217 1.369e+02 1.648e+02 1.294e+02 1.657e+02 1.365e+02 232 132 232 138 1.589e+02 1.518e+02 2.393e+02 1.534e+02 1.865e+02 151 2.161e+02 1.528e+02 172 1.458e+02 1.724e+02 1.546e+02 228 1.474e+02 2.281e+02 1.559e+02 1.717e+02 1.496e+02 2.265e+02 1.518e+02 1.859e+02 1.922e+02 2.212e+02 1.913e+02 2.058e+02 1.877e+02 205 197 1.783e+02 2.119e+02 2.247e+02 2.137e+02 203 2.104e+02 2.024e+02 2.157e+02 203 216 2.028e+02 2.245e+02 2.029e+02 2.562e+02
helen/1458971524_1.jpg 121 101 131 131 143 134 2.385e+02 1.409e+02 177 139 203 144 161 129 160 135 219 138 219 144 1.484e+02 1.451e+02 2.301e+02 1.584e+02 1.722e+02 1.521e+02 2.068e+02 159 161 1.458e+02 1.588e+02 1.517e+02 2.188e+02 1.535e+02 2.191e+02 1.609e+02 1.599e+02 1.487e+02 2.191e+02 1.573e+02 1.693e+02 1.848e+02 2.047e+02 1.872e+02 1.864e+02 1.809e+02 1.857e+02 1.914e+02 1.589e+02 2.023e+02 211 2.072e+02 187 1.994e+02 1.853e+02 2.024e+02 1.839e+02 2.126e+02 1.832e+02 2.213e+02 1.812e+02 2.478e+02
helen/1459110420_1.jpg 126 86 165 165 155 137 257 143 199 140 225 143 176 131 175 137 242 136 242 142 164 149 247 153 190 151 223 154 177 145 177 154 235 148 235 157 177 149 234 152 193 193 227 194 216 194 213 203 180 216 228 218 210 217 208 220 208 221 208 227 209 256
helen/146623854_1.jpg 92 69 149 149 118 116 217 108 155 113 183 110 136 107 136 114 201 100 202 107 128 127 208 123 151 126 185 125 140 121 140 130 196 118 197 128 140 125 197 123 151 164 185 161 170 157 169 169 1.438e+02 1.951e+02 1.909e+02 1.945e+02 1.676e+02 1.876e+02 1.677e+02 1.943e+02 1.676e+02 1.944e+02 168 2.022e+02 168 240
helen/1466887621_1.jpg 106 82 151 151 134 126 227 132 170 133 193 133 152 123 151 128 209 126 211 131 141 139 221 143 165 142 197 143 154 135 153 142 208 137 209 145 154 138 209 141 164 171 196 172 181 171 180 181 1.525e+02 1.915e+02 2.056e+02 1.921e+02 1.793e+02 1.896e+02 1.793e+02 1.939e+02 1.786e+02 2.019e+02 1.789e+02 2.116e+02 178 234
helen/1467878637_1.jpg 47 21 137 137 81 55 174 80 116 59 143 67 100 49 98 54 161 64 160 71 87 69 162 90 108 74 141 85 100 67 95 76 154 82 151 92 99 71 153 87 107 96 133 102 122 90 119 101 1.007e+02 121 1.303e+02 129 1.182e+02 1.145e+02 117 120 116 1.243e+02 1.146e+02 1.301e+02 108 154
helen/1468798538_1.jpg 133 109 139 139 149 156 249 141 188 154 214 151 167 148 167 153 232 139 232 145 161 170 243 159 186 167 219 164 174 163 174 172 230 157 232 165 175 167 232 161 188 200 221 196 206 198 206 207 1.793e+02 2.223e+02 232 214 2.058e+02 2.151e+02 206 220 2.064e+02 2.277e+02 207 2.403e+02 208 259
helen/146978430_1.jpg 43 68 153 153 71 110 170 127 116 108 139 116 93 102 92 108 156 116 155 121 80 121 160 137 104 124 141 132 94 116 93 126 151 128 151 138 94 122 151 135 106 156 138 163 126 151 123 164 8.980e+01 1.861e+02 1.363e+02 1.957e+02 1.186e+02 1.802e+02 1.163e+02 1.896e+02 1.162e+02 1.898e+02 1.141e+02 2.009e+02 108 234
helen/1470006576_1.jpg 136 108 166 166 164 171 261 148 205 162 230 156 182 159 183 165 244 144 246 149 177 187 258 166 202 181 235 173 189 178 191 187 245 164 248 173 190 182 247 168 215 213 246 203 235 202 235 213 214 2.434e+02 2.579e+02 2.303e+02 2.399e+02 2.239e+02 2.402e+02 231 2.406e+02 2.322e+02 2.441e+02 2.416e+02 246 269
helen/147226455_1.jpg 171 120 151 151 189 168 291 160 241 167 264 170 214 160 213 166 279 158 279 164 199 182 280 179 227 183 260 183 215 177 214 187 269 175 272 185 213 182 269 180 235 223 268 221 263 223 257 231 216 246 2.676e+02 245 2.542e+02 2.452e+02 2.515e+02 2.506e+02 2.515e+02 2.518e+02 2.509e+02 2.628e+02 246 297
helen/1477005205_1.jpg 120 67 184 184 154 124 255 118 209 119 232 121 182 110 180 119 245 110 245 117 165 139 245 135 193 135 226 137 179 129 179 140 234 129 236 139 179 133 235 134 207 184 246 179 241 178 231 189 188 218 238 216 225 209 224 216 216 217 218 226 216 261
helen/148348993_1.jpg 40 16 181 181 87 67 185 76 110 66 139 69 99 56 99 63 164 62 165 69 96 88 175 93 116 91 146 91 107 84 105 95 161 86 160 97 107 90 162 92 105 124 139 123 115 117 118 130 102 155 151 154 120 146 120 153 124 156 123 164 120 202
helen/148351850_1.jpg 118 96 159 159 152 150 254 155 187 149 214 149 169 142 168 149 235 143 235 150 160 159 244 159 184 159 218 159 172 152 172 161 230 152 231 162 173 156 231 157 181 196 214 196 195 194 195 207 1.771e+02 2.267e+02 2.273e+02 2.282e+02 1.982e+02 2.162e+02 1.983e+02 2.211e+02 2.009e+02 2.382e+02 2.015e+02 2.499e+02 200 277
helen/149162488_1.jpg 113 98 113 113 125 128 213 133 156 134 181 134 140 124 139 130 197 128 197 133 134 136 209 138 155 139 187 139 144 133 144 141 196 134 198 142 144 136 197 137 155 173 184 174 168 175 168 183 148 190 191 192 169 191 169 195 169 197 169 203 170 222
helen/149773224_1.jpg 22 14 151 151 51 71 141 52 82 61 106 53 66 58 66 65 122 47 124 52 59 82 135 64 79 77 113 67 68 75 68 83 123 60 124 68 67 79 123 64 89 111 121 103 102 101 105 113 88 142 136 130 110 130 111 135 111 138 112 144 119 177
helen/1499030378_1.jpg 74 24 144 144 98 65 201 73 137 64 165 65 118 56 117 62 184 60 184 66 107 80 190 87 132 82 166 85 119 75 119 85 178 80 178 90 119 80 177 86 132 107 163 110 150 99 149 112 119 131 167 133 144 124 143 130 148 130 147 137 145 164
helen/150324675_1.jpg 5 105 140 140 26 140 124 143 60 141 84 142 42 132 41 139 103 135 102 141 36 159 117 159 60 160 90 160 49 154 49 163 104 154 104 163 50 158 105 158 56 196 91 195 71 195 71 205 52 2.217e+02 9.690e+01 2.211e+02 7.280e+01 2.188e+02 7.330e+01 224 7.330e+01 2.248e+02 7.330e+01 2.316e+02 73 263
helen/1504594019_1.jpg 60 67 162 162 89 127 194 120 127 122 155 120 107 117 107 123 175 112 176 119 98 137 186 134 124 136 160 134 111 131 111 140 172 128 173 137 111 135 172 132 125 170 161 167 143 162 144 174 1.227e+02 2.024e+02 172 2.012e+02 1.464e+02 1.963e+02 1.449e+02 2.006e+02 1.454e+02 2.017e+02 146 2.074e+02 146 241
helen/150766294_1.jpg 82 45 172 172 116 94 220 106 159 97 188 104 138 85 137 92 206 96 206 103 127 109 209 122 151 113 188 120 140 106 139 113 199 115 199 123 139 110 198 119 151 148 191 154 174 149 171 161 1.322e+02 1.725e+02 1.922e+02 1.796e+02 1.728e+02 1.734e+02 1.712e+02 1.788e+02 169 1.911e+02 1.674e+02 1.986e+02 160 229
helen/150766294_2.jpg 126 107 136 136 143 163 239 142 176 154 202 147 157 152 158 157 219 137 221 142 152 172 232 153 176 167 208 158 163 164 164 172 219 150 220 158 164 169 220 154 184 195 216 187 199 188 202 198 181 219 232 209 205 207 207 213 209 223 212 228 219 259
helen/1507775914_1.jpg 45 39 146 146 82 68 173 82 112 72 138 76 99 61 97 68 156 72 157 79 85 89 162 101 106 93 141 97 96 86 95 94 152 94 151 102 96 90 152 98 97 119 126 124 108 114 107 126 9.030e+01 1.475e+02 1.318e+02 1.552e+02 1.055e+02 1.385e+02 106 1.446e+02 105 1.512e+02 1.041e+02 1.599e+02 99 190
helen/1515641689_2.jpg 113 99 149 149 139 145 239 148 180 143 206 147 160 136 160 142 223 139 223 145 147 158 230 162 174 159 206 162 161 153 160 161 217 156 218 164 160 158 217 160 174 191 210 192 196 190 194 200 1.591e+02 2.161e+02 2.135e+02 2.175e+02 1.935e+02 2.114e+02 1.925e+02 2.162e+02 1.919e+02 2.273e+02 1.896e+02 2.372e+02 188 265
helen/1517093691_1.jpg 38 104 157 157 70 135 162 157 109 150 135 156 91 135 89 141 152 150 150 156 76 156 157 174 100 163 132 172 91 155 88 164 145 167 144 178 90 160 145 173 95 196 125 202 113 200 109 208 78 215 123 223 104 217 102 221 102 224 99 231 92 254
helen/203328057_1.jpg 10 26 144 144 25 71 124 59 66 71 88 64 44 65 44 70 107 55 107 60 33 82 116 74 58 81 91 77 46 76 45 85 103 70 104 78 44 80 102 74 63 112 95 111 79 107 80 118 55 139 104 135 81 132 81 136 81 139 82 146 84 173
helen/2036310656_1.jpg 40 4 115 115 48 32 134 32 81 28 108 31 65 22 65 28 121 26 121 29 56 47 128 44 76 46 109 46 67 41 67 51 120 40 120 49 68 46 120 44 84 68 109 66 99 65 98 71 78 87 114 84 97 79 99 83 99 86 99 92 98 114
helen/2038888040_1.jpg 10 80 138 138 32 126 126 118 66 125 87 123 49 121 49 125 107 114 108 121 40 134 116 128 62 132 92 132 51 128 51 137 102 125 104 133 51 132 103 128 64 170 94 169 78 168 78 176 57 200 107 200 80 192 81 197 81 198 81 205 85 236
helen/2041377546_1.jpg 24 38 129 129 45 81 133 70 75 75 98 69 59 69 61 75 114 61 116 67 49 92 128 82 68 89 105 84 60 85 59 93 116 78 117 86 59 88 117 81 77 118 105 115 89 109 91 121 75 145 115 140 92 133 94 139 94 142 96 149 99 178
helen/2044777702_1.jpg 99 93 138 138 121 133 208 129 148 137 175 134 133 129 133 134 193 124 193 130 127 145 205 142 149 146 181 145 137 141 138 149 192 139 194 148 138 144 192 142 148 182 179 180 159 181 162 190 1.471e+02 2.016e+02 1.933e+02 2.014e+02 1.647e+02 2.047e+02 1.649e+02 2.058e+02 1.653e+02 2.091e+02 1.663e+02 2.161e+02 169 241
helen/2044777702_2.jpg 120 95 139 139 141 143 230 133 173 140 197 136 156 135 157 140 214 128 215 134 149 157 226 149 171 155 203 149 160 151 161 160 214 144 216 152 161 155 215 148 173 184 206 180 187 174 189 186 1.741e+02 2.161e+02 2.148e+02 2.102e+02 192 202 193 208 1.943e+02 2.157e+02 1.962e+02 2.264e+02 198 248
helen/2045370744_1.jpg 114 87 150 150 132 148 231 132 173 140 196 137 150 137 151 143 214 127 215 132 145 154 225 142 171 151 202 145 157 147 158 156 212 138 215 147 158 150 213 142 178 182 207 176 193 175 194 184 1.737e+02 2.101e+02 2.155e+02 2.047e+02 1.967e+02 1.985e+02 1.962e+02 2.044e+02 1.967e+02 2.093e+02 1.971e+02 2.177e+02 199 242
helen/2048930268_1.jpg 89 70 154 154 114 118 213 113 151 118 175 117 132 111 132 117 195 107 195 113 123 130 206 127 148 131 180 129 137 124 137 134 193 122 195 131 139 129 196 126 150 170 182 169 167 169 167 178 143 194 192 193 167 190 167 195 167 198 167 206 167 237
helen/2056280349_1.jpg 104 94 131 131 127 125 223 139 161 135 186 138 145 125 143 130 204 133 204 138 132 134 214 150 156 141 189 147 145 133 143 142 201 143 201 152 145 137 201 147 150 173 182 178 167 173 165 182 1.451e+02 1.976e+02 1.806e+02 2.033e+02 1.639e+02 195 1.631e+02 2.019e+02 1.632e+02 2.026e+02 1.621e+02 2.104e+02 157 231
helen/2056886445_1.jpg 129 18 153 153 155 64 257 66 193 65 221 66 173 58 173 63 240 59 240 65 165 77 246 79 189 79 223 80 178 72 177 80 234 74 234 82 178 76 234 77 189 112 221 113 205 109 205 119 1.771e+02 1.339e+02 2.297e+02 1.366e+02 2.046e+02 1.332e+02 2.046e+02 1.371e+02 2.047e+02 1.382e+02 2.043e+02 1.469e+02 202 176
helen/2057113858_1.jpg 107 42 154 154 140 83 240 104 178 83 205 93 161 74 159 80 225 89 224 96 144 97 226 115 170 101 200 110 157 93 154 103 213 106 211 115 153 97 210 111 165 134 197 142 185 133 180 144 1.499e+02 1.606e+02 1.943e+02 1.704e+02 1.762e+02 1.575e+02 1.746e+02 1.636e+02 1.744e+02 164 1.733e+02 1.719e+02 169 201
helen/2057777633_1.jpg 25 64 114 114 35 94 131 93 70 94 96 91 54 87 53 92 113 87 114 91 42 107 124 106 67 108 100 107 54 102 53 111 112 101 113 110 55 106 112 105 71 135 98 134 85 131 85 140 65 158 103 156 84 151 84 156 84 157 85 163 86 186
helen/2057899604_1.jpg 127 96 153 153 158 142 244 139 192 143 213 143 177 136 175 140 228 135 229 140 165 152 239 151 187 151 218 150 176 147 176 156 229 145 229 153 176 151 229 149 190 192 218 191 205 190 205 200 186 225 225 222 206 218 205 224 206 231 207 243 207 271
helen/2061605575_1.jpg 103 81 150 150 131 133 230 129 167 132 193 131 149 126 148 131 212 122 212 127 139 144 222 142 163 145 197 143 152 139 151 147 209 137 210 145 152 142 210 141 164 177 198 176 181 176 181 186 1.543e+02 1.975e+02 2.094e+02 1.964e+02 1.819e+02 1.952e+02 1.817e+02 2.014e+02 1.811e+02 2.121e+02 181 2.215e+02 182 241
helen/2061993362_1.jpg 94 83 143 143 118 131 215 121 155 126 184 124 134 122 136 128 199 116 200 122 129 140 207 132 150 139 186 135 139 134 139 143 195 128 196 136 139 138 195 132 159 173 194 168 180 168 180 178 1.515e+02 1.957e+02 1.987e+02 1.906e+02 180 1.931e+02 1.808e+02 197 1.807e+02 1.972e+02 1.807e+02 2.017e+02 181 233
helen/2062420464_1.jpg 144 24 135 135 165 74 260 68 204 64 226 64 187 58 185 64 243 59 243 65 171 78 252 81 195 78 230 77 184 72 184 81 241 74 242 81 184 76 241 78 198 105 229 105 215 97 214 108 1.952e+02 1.341e+02 2.323e+02 1.352e+02 2.142e+02 1.217e+02 2.141e+02 1.297e+02 2.141e+02 1.302e+02 2.136e+02 1.386e+02 210 171
helen/206283602_2.jpg 148 117 161 161 178 159 271 171 217 157 243 166 197 146 197 154 258 160 258 168 186 180 264 189 211 182 243 185 199 175 198 185 254 182 253 191 198 181 253 187 213 212 246 215 233 206 231 217 204 241 250 244 232 232 229 239 229 241 229 249 229 278
helen/206448817_1.jpg 104 41 144 144 135 91 227 82 163 89 184 83 148 84 149 90 205 74 207 80 141 105 220 96 163 102 194 99 152 98 152 107 206 91 208 101 154 102 209 96 155 131 186 132 162 120 166 134 1.501e+02 1.616e+02 1.878e+02 1.589e+02 1.628e+02 149 1.636e+02 156 1.639e+02 1.575e+02 1.647e+02 1.672e+02 167 196
helen/2066231667_1.jpg 10 84 174 174 46 142 143 135 84 142 108 139 63 134 63 140 126 128 126 135 56 155 135 152 79 154 114 153 67 150 68 158 124 148 126 156 67 154 124 152 83 185 114 183 98 182 99 193 75 209 1.242e+02 2.073e+02 1.028e+02 2.063e+02 1.028e+02 2.094e+02 1.029e+02 2.146e+02 1.037e+02 2.231e+02 102 251
helen/2067453390_1.jpg 31 83 144 144 54 120 156 128 92 121 119 124 72 113 72 119 139 118 139 124 64 135 145 141 89 137 121 139 78 130 77 139 133 134 134 143 77 134 133 138 90 167 118 169 104 161 103 173 81 195 121 196 101 185 101 192 97 197 97 205 93 244
helen/206905865_1.jpg 88 13 149 149 108 58 203 56 146 53 173 56 126 48 126 55 188 49 188 55 119 69 199 69 143 67 178 70 131 63 132 72 189 64 189 72 131 68 189 69 149 102 182 102 170 96 168 110 1.364e+02 1.326e+02 1.855e+02 1.355e+02 170 120 1.679e+02 129 1.673e+02 1.374e+02 1.672e+02 1.507e+02 162 177
helen/206907279_1.jpg 80 36 153 153 94 85 198 89 150 80 163 82 120 75 119 81 179 79 178 84 106 97 191 101 135 99 168 96 121 92 121 101 179 93 181 102 122 96 179 98 142 127 173 127 161 118 159 133 127 160 177 163 158 151 158 157 158 164 159 173 157 206
helen/2070105355_3.jpg 131 92 150 150 155 146 245 137 191 141 217 139 172 136 172 142 231 131 232 137 162 156 241 149 187 154 219 151 174 150 175 158 230 145 231 153 174 154 230 149 192 185 225 181 211 179 210 190 184 212 2.345e+02 2.059e+02 2.139e+02 2.046e+02 2.124e+02 2.115e+02 2.115e+02 2.166e+02 2.136e+02 2.284e+02 214 253
helen/2070105355_5.jpg 123 85 167 167 153 147 246 136 191 140 216 139 171 136 171 142 232 130 232 137 162 156 241 149 185 154 219 151 174 150 174 158 230 145 231 152 174 154 230 149 192 184 224 181 211 178 211 190 1.832e+02 2.128e+02 2.356e+02 2.074e+02 2.117e+02 2.049e+02 2.113e+02 2.104e+02 2.115e+02 2.176e+02 2.124e+02 2.307e+02 215 254
helen/2070484849_1.jpg 73 15 137 137 93 58 184 48 122 60 147 57 105 53 105 58 163 47 165 52 98 71 177 62 121 70 153 67 107 65 109 74 163 59 165 68 108 69 164 63 125 104 154 101 138 101 139 109 1.202e+02 1.276e+02 1.643e+02 1.236e+02 1.441e+02 1.222e+02 1.443e+02 1.258e+02 1.441e+02 1.264e+02 1.445e+02 1.343e+02 146 155
helen/2070634156_1.jpg 94 56 166 166 131 111 227 109 158 113 182 108 143 106 143 112 205 101 205 107 140 122 220 121 161 123 192 121 151 117 150 125 206 115 206 124 152 121 207 119 152 161 184 159 160 158 164 168 1.544e+02 1.884e+02 1.913e+02 1.891e+02 1.671e+02 1.862e+02 1.674e+02 188 1.673e+02 1.884e+02 1.678e+02 1.913e+02 168 229
helen/2071191303_1.jpg 30 78 176 176 63 129 169 138 108 129 135 134 84 119 83 126 154 128 153 135 72 143 161 150 99 144 136 148 86 137 86 145 148 143 149 151 85 141 148 147 99 184 139 186 123 181 121 193 8.510e+01 2.131e+02 1.406e+02 2.173e+02 1.189e+02 2.119e+02 1.187e+02 2.154e+02 1.187e+02 2.208e+02 1.176e+02 2.282e+02 113 264
helen/2073353251_1.jpg 119 46 172 172 150 103 253 102 192 103 218 102 170 96 170 102 236 95 237 101 162 115 244 114 186 115 220 114 175 110 175 118 233 109 234 117 176 114 233 112 193 148 226 146 215 143 213 154 1.832e+02 1.744e+02 2.334e+02 1.733e+02 214 1.657e+02 2.131e+02 1.732e+02 213 1.742e+02 2.132e+02 1.832e+02 210 215
helen/2075932440_1.jpg 8 29 137 137 28 69 128 85 61 71 86 71 44 64 43 68 109 69 109 75 36 75 117 84 59 79 91 81 48 72 47 79 104 77 104 85 49 75 104 80 53 113 86 116 66 114 67 123 4.830e+01 1.321e+02 8.730e+01 1.409e+02 6.580e+01 1.336e+02 6.550e+01 1.371e+02 6.540e+01 1.379e+02 6.470e+01 1.439e+02 69 167
helen/2076592686_3.jpg 129 117 133 133 152 147 251 161 189 150 217 154 171 140 170 147 237 149 236 155 159 163 239 173 182 167 215 171 171 161 169 169 228 167 228 176 171 165 228 172 183 195 212 199 199 193 197 202 178 219 213 224 196 213 195 219 194 220 193 227 190 252
helen/2078249976_1.jpg 66 33 132 132 82 74 178 71 118 71 145 74 99 68 99 73 163 67 164 71 91 79 171 78 115 79 148 79 103 74 102 82 160 74 160 81 103 77 160 77 117 115 146 116 133 115 132 123 107 133 151 134 131 133 131 137 131 139 131 144 129 164
helen/2081258704_1.jpg 111 96 140 140 136 127 229 141 171 134 196 138 154 124 154 129 213 133 213 139 142 142 220 152 164 145 198 150 154 138 153 147 209 146 209 155 153 142 209 150 163 177 191 181 178 175 176 185 153 202 195 207 175 196 174 203 172 207 171 217 167 241
helen/2081778308_1.jpg 38 75 137 137 63 114 156 120 96 116 119 117 80 107 78 113 140 111 139 116 68 126 148 132 92 129 122 131 81 122 79 131 135 127 135 135 81 127 135 131 86 158 121 159 101 156 102 167 7.990e+01 1.839e+02 1.332e+02 1.862e+02 1.028e+02 1.803e+02 1.034e+02 1.868e+02 1.057e+02 1.978e+02 1.053e+02 2.114e+02 102 233
helen/2082267415_2.jpg 122 109 178 178 158 171 258 154 189 170 213 164 171 164 172 170 234 151 236 157 168 182 250 169 190 181 222 174 180 176 178 186 236 165 238 176 182 180 239 170 196 227 227 222 205 224 209 233 200 253 246 248 215 247 217 252 217 255 216 262 227 288
helen/2082267415_3.jpg 127 113 157 157 155 169 255 154 186 171 210 161 168 164 169 170 232 148 233 156 165 181 248 169 188 180 220 174 176 175 176 185 233 165 235 176 178 180 235 170 194 227 224 220 205 225 207 232 197 2.545e+02 239 2.496e+02 2.122e+02 2.491e+02 2.129e+02 2.523e+02 213 2.529e+02 2.151e+02 2.655e+02 221 286
helen/2083040467_1.jpg 66 52 140 140 86 98 182 95 124 98 149 98 104 91 104 97 166 90 166 95 96 109 175 107 120 110 152 108 108 103 108 113 163 102 164 111 108 107 163 106 123 147 153 146 139 144 139 154 1.156e+02 1.758e+02 1.598e+02 1.734e+02 1.404e+02 168 1.404e+02 1.719e+02 1.405e+02 175 1.403e+02 1.785e+02 139 209
helen/2083053412_1.jpg 131 48 185 185 170 96 272 116 198 101 224 105 184 90 183 98 250 104 248 110 179 112 260 125 201 115 233 121 191 108 189 116 247 118 246 125 191 113 247 122 187 153 221 159 197 151 197 162 1.832e+02 1.885e+02 2.332e+02 1.901e+02 2.002e+02 1.785e+02 2.015e+02 1.874e+02 2.015e+02 1.888e+02 2.019e+02 2.027e+02 199 237
helen/2083979194_1.jpg 124 92 139 139 151 129 240 142 189 136 211 140 171 126 169 131 227 135 226 140 155 142 233 153 180 146 211 151 169 139 167 149 223 146 222 157 167 142 221 150 180 178 209 182 198 178 196 187 174 2.044e+02 2.109e+02 2.079e+02 1.954e+02 198 1.941e+02 2.053e+02 1.942e+02 2.063e+02 1.935e+02 2.164e+02 189 239
helen/2084520102_1.jpg 103 14 131 131 121 50 219 44 154 49 181 44 137 42 137 48 200 37 201 43 132 61 213 56 153 61 189 58 143 56 143 65 199 52 202 61 144 60 202 56 153 93 186 92 164 91 167 101 152 115 203 114 173 109 174 114 174 123 175 132 179 156
helen/2085165542_1.jpg 32 46 123 123 55 79 147 91 80 85 106 88 67 77 67 81 127 84 128 89 60 88 139 98 81 92 112 97 71 85 69 93 125 92 124 101 72 88 125 96 75 123 105 129 85 124 86 133 75 147 113 155 92 147 92 151 95 153 94 160 97 183
helen/2177175118_1.jpg 119 115 181 181 165 173 262 172 193 175 222 175 178 164 178 171 245 158 245 167 172 192 250 189 191 193 226 190 182 187 181 197 237 183 238 194 182 192 238 188 187 228 218 234 197 226 199 237 188 259 233 260 207 255 208 260 209 260 208 267 210 292
helen/2180195389_1.jpg 103 81 138 138 130 128 217 125 163 126 183 126 147 121 145 126 201 120 200 125 135 140 211 136 157 138 189 137 146 134 146 142 200 131 200 139 147 137 200 135 158 167 189 166 173 163 173 173 1.545e+02 1.949e+02 1.959e+02 1.918e+02 175 186 175 1.939e+02 1.752e+02 1.956e+02 1.747e+02 2.066e+02 177 230
helen/2182024730_1.jpg 31 56 156 156 60 105 155 106 96 104 121 104 77 97 77 103 139 98 139 104 68 118 148 118 92 118 124 118 80 112 80 121 136 112 136 121 80 116 136 116 94 153 126 153 112 151 111 161 90 1.831e+02 1.316e+02 1.823e+02 111 177 1.113e+02 1.835e+02 1.113e+02 1.843e+02 1.121e+02 1.954e+02 111 221
helen/2182951022_1.jpg 22 67 170 170 54 123 153 107 104 117 129 112 76 110 76 117 141 99 143 108 67 138 153 122 99 134 131 127 82 129 82 139 141 118 143 127 80 134 140 123 107 170 143 163 134 166 131 178 8.610e+01 1.962e+02 1.439e+02 1.818e+02 1.274e+02 1.856e+02 1.254e+02 1.914e+02 1.239e+02 2.072e+02 1.256e+02 2.175e+02 129 246
helen/2184781988_1.jpg 134 57 141 141 151 105 247 97 191 103 213 102 172 97 171 103 230 93 230 98 161 118 240 110 186 117 217 113 174 112 173 121 228 106 228 114 173 116 228 109 190 148 221 145 207 143 207 153 183 174 2.318e+02 1.747e+02 2.081e+02 1.683e+02 2.082e+02 1.717e+02 2.083e+02 1.731e+02 2.085e+02 1.768e+02 211 206
helen/2185205964_1.jpg 107 44 148 148 135 100 231 84 167 94 191 88 147 90 149 96 211 78 212 84 147 111 225 99 169 109 200 103 158 105 159 113 212 96 214 104 161 108 214 99 171 140 203 134 184 137 187 146 1.667e+02 1.605e+02 216 1.558e+02 1.888e+02 1.556e+02 1.893e+02 1.591e+02 1.897e+02 1.647e+02 1.904e+02 1.728e+02 198 200
helen/2185205964_2.jpg 112 44 155 155 139 104 237 87 172 97 199 91 152 93 154 99 218 80 219 88 151 114 230 102 174 112 206 106 162 108 164 116 217 99 220 107 165 112 220 102 177 144 207 139 190 140 192 150 1.711e+02 1.655e+02 2.233e+02 1.603e+02 1.947e+02 1.603e+02 195 1.639e+02 1.954e+02 1.698e+02 197 1.782e+02 202 206
helen/218904413_2.jpg 146 25 154 154 171 72 261 50 200 67 224 60 183 62 184 69 240 47 243 54 181 92 258 71 203 88 234 78 191 85 193 95 244 69 247 79 192 89 245 74 212 127 239 121 221 122 225 133 212 156 255 149 229 148 231 154 231 157 234 165 241 193
helen/218904494_1.jpg 167 69 175 175 210 117 304 126 256 121 274 127 236 111 234 116 290 119 289 126 216 133 293 143 242 137 272 141 231 129 230 138 283 137 283 146 229 133 282 140 243 174 277 177 269 174 262 185 223 201 272 204 255 195 254 201 247 212 244 221 239 258
helen/2189567066_1.jpg 59 65 151 151 93 106 190 113 123 107 149 109 106 98 106 105 169 104 169 110 97 121 180 126 121 123 152 124 108 115 107 126 164 118 164 129 106 119 162 123 115 161 151 163 129 156 130 168 1.077e+02 1.929e+02 1.563e+02 2.001e+02 1.299e+02 1.836e+02 1.287e+02 1.925e+02 1.287e+02 1.934e+02 1.276e+02 2.037e+02 130 234
helen/2190740171_1.jpg 89 89 166 166 118 131 213 138 145 139 169 139 130 129 129 135 192 133 191 139 127 148 206 154 147 152 178 154 138 144 135 154 192 148 191 158 137 148 192 152 138 193 173 196 149 193 152 204 1.416e+02 2.189e+02 1.843e+02 2.232e+02 1.568e+02 2.189e+02 1.565e+02 2.257e+02 1.567e+02 2.268e+02 1.571e+02 2.381e+02 166 260
helen/2190903226_1.jpg 119 54 135 135 140 99 236 100 174 102 199 104 154 94 156 99 219 94 220 100 149 107 225 109 171 109 203 110 160 103 160 110 213 105 214 112 159 106 214 108 172 137 200 138 185 134 186 143 1.723e+02 1.597e+02 2.009e+02 1.607e+02 1.872e+02 1.559e+02 1.872e+02 1.594e+02 1.871e+02 1.599e+02 1.873e+02 1.677e+02 188 194
helen/2191376922_1.jpg 43 9 130 130 63 45 158 48 97 48 123 51 79 42 79 47 141 44 141 49 69 50 150 57 92 52 126 57 81 47 80 54 137 53 138 60 81 50 138 56 90 85 121 88 106 86 105 94 8.120e+01 103 1.285e+02 1.085e+02 1.046e+02 1.045e+02 104 1.091e+02 1.039e+02 1.099e+02 1.034e+02 1.165e+02 102 142
helen/2191423425_1.jpg 125 74 148 148 158 119 250 118 191 115 216 116 175 110 174 116 235 110 235 116 165 128 245 129 188 127 222 128 177 122 176 130 233 123 233 131 177 126 233 127 180 161 216 164 195 158 196 169 1.726e+02 1.886e+02 2.187e+02 1.891e+02 1.935e+02 1.836e+02 1.931e+02 1.894e+02 1.931e+02 1.899e+02 1.932e+02 2.008e+02 187 233
helen/2193408004_1.jpg 21 76 134 134 43 111 131 118 75 115 100 117 59 108 58 112 118 113 117 118 52 119 124 127 73 123 104 126 62 116 63 124 114 121 116 129 63 119 114 124 71 157 100 160 84 157 84 166 65 178 107 185 84 176 84 181 84 184 85 191 82 211
helen/2194332767_1.jpg 36 91 124 124 56 128 141 132 92 131 115 135 75 124 74 129 128 127 127 132 64 139 134 142 87 141 115 143 77 137 75 144 126 139 126 147 76 140 125 143 82 168 115 170 103 171 100 179 64 182 109 185 90 182 89 187 88 194 89 202 81 220
helen/2195220502_1.jpg 113 100 164 164 144 153 244 145 180 150 204 144 163 143 163 149 224 137 226 144 152 167 238 160 177 166 212 162 166 161 165 169 226 155 226 164 166 165 226 159 180 201 216 197 198 195 199 207 1.724e+02 2.271e+02 2.304e+02 2.209e+02 2.004e+02 2.188e+02 2.003e+02 2.249e+02 2.012e+02 2.352e+02 2.013e+02 245 204 272
helen/2195358708_1.jpg 39 108 160 160 65 163 164 150 93 162 115 158 75 157 76 163 136 148 140 154 76 173 156 163 97 173 129 166 87 167 86 177 141 158 143 168 88 171 143 162 92 209 124 206 101 205 106 214 9.830e+01 2.359e+02 1.381e+02 2.356e+02 1.086e+02 2.284e+02 1.098e+02 2.343e+02 1.098e+02 2.352e+02 1.113e+02 2.435e+02 116 272
helen/219669940_1.jpg 22 10 132 132 52 38 141 58 81 46 102 52 67 36 67 41 121 49 122 54 56 50 132 68 79 57 105 63 69 49 66 56 119 61 117 68 68 53 118 65 68 88 101 95 83 91 82 100 5.730e+01 1.036e+02 1.141e+02 1.167e+02 83 1.116e+02 8.250e+01 1.141e+02 8.040e+01 1.256e+02 79 132 77 149
helen/2196749951_1.jpg 158 77 159 159 191 118 282 131 231 126 255 130 211 115 210 121 270 124 270 130 199 134 274 144 222 139 253 143 211 131 210 141 263 138 264 148 210 135 263 143 226 180 256 183 247 180 243 190 2.088e+02 2.121e+02 2.553e+02 2.122e+02 2.398e+02 2.094e+02 2.383e+02 2.136e+02 2.382e+02 2.143e+02 2.379e+02 2.248e+02 227 253
helen/219709038_1.jpg 113 66 159 159 144 117 245 133 182 118 209 125 163 109 162 115 229 121 227 127 152 124 236 136 176 126 212 133 165 120 165 127 223 130 224 137 165 123 223 133 174 158 208 166 191 164 189 174 1.547e+02 1.752e+02 2.184e+02 1.881e+02 1.885e+02 1.837e+02 1.879e+02 187 187 1.921e+02 1.855e+02 1.983e+02 182 227
helen/2198286445_1.jpg 152 42 157 157 181 82 284 96 223 86 252 91 202 76 201 83 269 86 269 92 188 95 274 107 215 99 249 103 202 92 201 101 261 99 261 109 200 96 259 104 217 139 250 141 238 136 235 147 2.027e+02 1.706e+02 2.496e+02 1.779e+02 2.292e+02 1.703e+02 2.285e+02 1.744e+02 2.285e+02 1.753e+02 2.292e+02 1.847e+02 226 217
helen/2200344234_1.jpg 69 94 151 151 92 153 192 130 127 148 153 142 108 146 109 150 171 130 173 134 101 159 184 142 126 156 159 148 112 152 114 162 170 140 172 148 114 156 171 143 134 190 167 185 150 187 152 196 131 209 183 201 156 204 157 209 159 212 160 219 167 243
helen/2200730806_1.jpg 31 59 168 168 63 129 159 106 95 119 121 111 77 117 78 123 139 100 141 107 73 138 153 119 96 133 128 124 84 129 85 139 139 116 142 125 85 134 140 120 99 164 130 157 111 155 114 167 9.910e+01 1.935e+02 1.466e+02 1.842e+02 1.163e+02 1.803e+02 1.179e+02 1.881e+02 1.187e+02 1.911e+02 1.203e+02 2.018e+02 126 227
helen/2201151487_1.jpg 31 85 130 130 54 120 148 131 84 126 116 130 69 118 69 122 133 124 133 129 63 131 137 139 84 134 115 138 74 128 75 134 126 134 127 140 74 130 126 136 82 162 112 165 97 161 96 171 70 181 118 184 95 178 95 182 93 192 93 199 89 221
helen/2201942026_1.jpg 87 120 129 129 105 137 202 153 142 143 172 146 123 133 122 138 190 145 188 150 111 154 190 167 133 159 169 167 124 150 122 161 182 161 182 172 124 155 181 166 132 194 164 203 152 197 148 206 118 213 163 222 144 214 142 219 142 220 141 227 134 250
helen/2201943712_1.jpg 115 98 131 131 132 138 220 137 165 145 188 141 148 135 148 139 204 133 205 138 140 148 214 146 162 149 193 147 151 144 152 151 203 142 205 149 151 147 204 144 167 176 196 175 183 174 183 182 160 196 204 194 182 191 183 196 183 199 183 206 185 228
helen/2201943712_2.jpg 65 103 133 133 78 146 173 144 115 150 140 150 95 143 95 148 157 143 157 147 87 158 168 155 112 159 144 157 99 154 99 161 155 151 157 158 99 157 155 154 114 189 144 187 131 185 132 193 104 211 150 208 129 205 129 210 129 212 129 220 129 241
helen/2202089258_1.jpg 123 48 86 86 13 74 105 53 46 66 71 61 28 64 29 70 87 50 89 55 21 79 97 60 44 74 75 67 33 71 33 80 85 58 87 66 33 75 86 62 54 107 83 99 67 103 70 111 54 127 97 116 74 120 75 124 75 128 77 135 83 158
helen/2202741165_3.jpg 102 90 154 154 131 135 230 141 164 138 194 138 147 128 146 134 213 132 213 137 141 148 223 153 165 151 198 153 153 144 153 152 210 147 211 155 153 148 210 151 160 184 194 186 173 184 174 194 154 204 208 206 178 202 178 207 177 215 177 223 176 250
helen/2203693721_2.jpg 102 79 163 163 133 132 232 130 167 135 195 133 151 127 150 132 215 124 215 130 143 143 223 142 166 144 201 144 155 138 154 147 211 137 212 146 154 142 211 141 167 178 199 180 182 178 182 188 157 197 208 199 181 195 182 200 181 206 181 214 181 240
helen/2203694817_1.jpg 97 113 161 161 135 163 232 165 175 165 201 165 156 157 155 164 218 161 218 166 143 171 223 173 168 173 202 174 156 168 156 176 212 168 213 177 156 172 212 172 172 210 205 210 193 211 191 220 160 233 208 229 187 229 187 234 186 236 186 243 184 274
helen/2203695965_1.jpg 119 90 160 160 148 146 241 135 188 142 212 137 167 137 167 143 228 130 229 136 156 156 236 147 181 154 214 148 169 150 169 158 225 143 226 151 169 154 225 147 188 189 220 184 207 183 207 193 181 217 230 209 207 206 207 211 207 215 208 222 211 253
helen/2203696399_2.jpg 66 104 158 158 96 152 196 155 136 154 164 156 116 146 115 152 181 149 181 156 106 159 188 162 131 161 166 162 119 155 118 163 177 158 179 166 119 159 176 162 133 198 166 196 153 198 151 207 122 223 171 219 149 218 148 222 149 225 148 231 146 261
helen/2205474871_1.jpg 137 70 145 145 157 112 254 121 199 114 223 117 178 104 178 110 240 112 240 118 167 124 247 131 192 127 224 129 181 120 180 128 236 125 236 133 180 124 235 128 195 157 228 160 217 157 213 167 180 182 231 187 211 178 209 183 208 193 208 201 206 232
helen/2208472833_1.jpg 21 56 173 173 60 113 158 110 107 113 129 115 83 106 83 114 145 106 145 113 65 122 149 118 93 121 127 122 80 117 79 125 137 115 138 123 79 120 136 118 98 160 134 159 123 162 121 171 81 183 133 180 113 181 112 185 112 189 113 195 111 229
helen/2208472833_2.jpg 109 88 148 148 133 129 232 136 169 130 195 132 149 122 149 128 213 127 214 133 142 143 223 148 167 144 199 147 157 138 155 146 211 142 211 150 156 142 211 146 166 171 195 173 180 166 179 177 150 198 201 200 176 189 176 195 175 201 174 210 171 236
helen/2209809995_1.jpg 113 104 144 144 133 140 232 137 166 141 192 138 148 132 148 137 211 129 212 136 141 154 223 152 165 154 197 153 153 149 152 158 209 147 210 156 153 153 209 152 164 185 196 185 177 181 179 191 157 211 207 210 181 205 181 211 182 213 182 221 182 249
helen/2210601282_1.jpg 109 108 156 156 137 147 231 143 164 149 189 146 147 141 149 147 209 137 209 143 142 164 222 159 165 163 197 161 153 158 153 168 208 154 210 164 154 162 209 159 164 194 194 191 176 188 177 199 157 219 207 216 179 211 179 217 182 220 182 228 184 254
helen/221068652_2.jpg 113 106 142 142 145 148 233 148 172 150 195 147 157 142 156 148 216 140 216 146 148 163 225 161 170 164 200 162 159 158 158 167 212 156 212 165 159 163 213 160 166 193 197 193 177 188 178 199 163 217 211 216 183 210 183 215 183 220 182 228 184 254
helen/221068652_3.jpg 125 99 138 138 145 147 231 132 177 142 201 134 161 140 161 144 216 126 216 132 150 154 229 145 174 153 206 147 161 148 163 158 217 141 219 151 162 153 218 146 182 181 211 175 197 172 198 183 179 211 221 203 200 195 201 202 199 213 201 224 204 246
helen/2210716757_1.jpg 110 83 166 166 145 138 243 134 182 133 209 134 164 129 163 135 227 127 228 133 153 149 235 147 179 150 210 148 166 144 166 153 222 141 223 151 166 148 222 146 181 185 212 183 198 182 197 193 171 208 221 207 196 203 196 208 197 210 196 217 196 245
helen/2211065399_1.jpg 153 54 177 177 191 112 289 101 233 109 260 108 211 101 212 108 275 95 276 103 201 125 282 120 228 125 260 125 216 119 216 131 272 117 274 127 217 124 274 121 230 165 263 162 250 162 248 174 221 198 268 194 247 189 247 196 247 200 246 211 245 240
helen/2211542693_1.jpg 133 103 177 177 173 144 272 178 214 156 238 170 193 142 193 148 257 168 256 174 182 162 263 186 206 169 238 181 195 160 193 168 251 178 250 186 194 164 250 182 203 207 238 210 223 206 221 218 190 232 240 237 218 232 217 238 216 241 215 248 212 275
helen/221174143_1.jpg 113 14 174 174 150 76 252 62 181 72 205 65 163 67 164 73 228 55 229 62 160 86 242 74 182 83 215 77 169 79 169 88 226 70 227 80 171 83 226 74 181 122 214 118 190 119 195 128 183 152 232 148 201 144 203 150 204 152 205 160 211 190
helen/221238636_1.jpg 81 23 140 140 104 69 198 65 135 69 155 65 118 61 119 67 176 57 178 62 112 84 191 80 135 84 165 82 123 77 123 88 177 74 178 85 124 82 178 79 132 118 163 118 141 114 145 125 130 145 175 144 148 137 149 143 149 145 150 153 153 179
helen/221272641_1.jpg 134 74 160 160 163 135 255 114 203 124 229 117 183 122 183 128 243 105 244 113 172 141 251 131 198 138 230 134 185 134 187 143 240 126 242 136 186 138 241 131 202 171 237 166 223 167 223 177 196 197 245 191 222 189 222 194 222 195 224 202 224 230
helen/2325339957_2.jpg 131 99 169 169 161 144 272 158 205 153 233 159 184 140 183 145 254 150 254 156 170 157 261 169 199 162 233 168 186 153 184 163 247 162 246 172 185 157 246 166 195 199 231 205 215 203 213 214 175 216 236 225 208 219 207 225 206 237 205 248 199 274
helen/2326123678_1.jpg 136 120 157 157 164 178 262 159 199 171 222 163 180 166 181 173 243 152 244 159 173 188 254 173 198 184 229 177 185 180 186 190 240 169 243 179 185 185 241 174 201 220 235 214 217 214 219 225 197 249 249 241 222 238 223 243 225 252 226 261 230 294
helen/2326123678_2.jpg 106 80 154 154 136 128 230 130 171 128 196 128 153 120 153 125 214 121 214 127 144 139 222 142 168 141 198 142 156 135 156 143 210 137 211 145 156 139 210 141 167 171 198 171 184 169 184 179 155 191 207 193 183 188 182 193 183 202 182 210 182 236
helen/2326138430_1.jpg 131 112 140 140 153 159 248 150 187 159 212 149 169 154 169 158 230 142 231 148 162 166 242 166 185 167 218 167 174 161 173 168 229 161 230 169 174 164 229 165 185 196 218 194 200 190 201 200 179 222 229 219 203 214 203 219 204 225 204 233 206 261
helen/2326183026_1.jpg 62 95 138 138 90 129 169 144 119 136 136 141 105 126 104 130 153 137 153 141 95 141 164 154 117 146 141 152 106 139 106 146 153 148 153 156 107 142 153 151 112 176 139 180 125 178 124 185 105 191 145 198 124 193 124 197 124 198 123 203 121 225
helen/2327074205_1.jpg 120 97 150 150 151 143 247 147 186 142 214 144 167 136 168 142 231 139 230 144 160 155 239 155 181 154 219 156 171 150 171 157 229 152 229 158 171 153 229 155 185 177 216 178 200 173 200 183 173 205 218 205 196 195 197 200 199 211 198 220 196 247
helen/232750395_1.jpg 123 96 144 144 144 147 238 137 178 142 205 139 160 138 161 143 222 131 223 136 152 156 231 146 176 153 208 150 164 149 164 157 219 143 220 151 164 153 219 147 180 185 213 181 196 183 197 192 175 209 224 203 199 199 200 204 198 216 200 224 203 258
helen/2329090822_1.jpg 61 22 146 146 87 65 185 65 122 66 147 66 103 59 104 65 167 59 167 65 95 76 176 76 119 77 150 77 108 71 107 80 163 71 164 80 107 75 163 75 117 110 150 110 133 106 133 117 110 138 158 139 133 130 133 137 134 140 134 149 134 175
helen/2330128905_1.jpg 61 84 129 129 84 116 174 129 116 121 142 125 100 111 99 116 158 120 158 125 89 132 166 142 112 135 144 139 101 128 100 136 156 135 155 143 101 132 155 139 109 162 138 166 123 157 122 169 99 183 144 191 122 179 121 184 121 189 120 196 118 219
helen/2330129299_1.jpg 54 18 141 141 81 58 170 57 109 61 131 59 95 55 94 59 151 51 151 56 87 73 164 70 108 72 139 71 97 67 97 77 151 65 151 74 99 72 152 69 100 102 132 101 111 95 113 106 97 128 143 126 114 116 116 123 115 126 116 135 114 159
helen/2330129413_1.jpg 55 15 129 129 80 46 172 54 116 51 142 56 99 42 97 47 157 50 157 55 84 61 163 70 108 63 141 68 98 57 95 65 155 64 153 71 96 60 153 67 109 95 139 98 129 94 126 103 97 116 142 122 123 114 122 119 122 121 121 129 116 152
helen/2330721439_1.jpg 123 112 163 163 157 164 260 162 188 162 212 161 171 154 170 161 236 152 237 159 168 175 253 172 191 174 223 174 181 169 178 177 238 168 238 176 184 172 241 171 181 208 219 206 190 204 195 216 185 236 243 236 203 229 203 234 204 246 202 256 206 279
helen/2330954580_1.jpg 49 7 117 117 63 36 149 37 96 37 122 41 79 29 78 34 136 34 136 39 70 51 146 54 93 52 126 54 81 46 81 54 135 48 136 57 81 49 135 52 95 82 123 83 110 78 109 87 85 104 129 105 108 96 107 103 107 107 107 116 105 139
helen/2330955274_1.jpg 60 37 130 130 84 66 174 81 119 74 142 83 101 64 101 70 159 77 159 81 90 80 165 92 113 84 144 91 102 77 101 87 155 87 155 96 101 81 154 91 110 117 139 122 128 119 126 127 96 136 140 142 121 136 120 141 119 143 118 150 114 170
helen/2330955410_1.jpg 73 60 136 136 92 100 183 99 121 102 146 99 105 95 106 100 162 94 164 99 99 112 179 110 122 112 154 110 110 108 111 115 166 105 167 113 111 111 167 109 123 141 154 140 136 137 137 146 118 164 164 163 139 157 139 163 140 166 141 173 143 198
helen/2330955526_1.jpg 34 9 139 139 61 50 144 49 90 50 113 49 75 44 75 49 128 42 129 47 66 65 140 62 87 63 118 63 77 60 77 68 129 58 130 66 76 64 129 62 86 93 117 91 101 89 102 98 80 116 125 114 101 106 102 112 102 120 102 128 102 151
helen/2331146163_1.jpg 131 90 148 148 159 137 251 129 194 135 217 133 175 129 175 135 235 123 235 129 167 152 244 145 191 152 221 148 179 145 179 155 232 140 233 149 179 150 233 145 194 187 223 184 209 183 210 194 187 211 233 210 210 206 210 212 210 218 210 227 209 258
helen/2332408096_1.jpg 41 55 138 138 62 101 153 88 93 99 118 93 77 94 78 99 135 83 136 88 68 113 145 102 89 112 123 106 79 106 80 116 134 97 135 108 80 111 135 102 94 140 125 135 107 134 109 144 94 163 137 157 113 155 114 160 116 163 118 171 121 195
helen/2333670757_1.jpg 83 41 158 158 111 90 218 80 143 87 166 81 125 80 125 87 191 69 193 76 121 106 207 96 146 104 177 99 133 98 133 109 191 91 193 102 134 103 193 96 141 140 174 138 151 134 154 146 141 170 188 167 158 161 160 168 160 169 161 178 164 208
helen/2336833345_1.jpg 51 94 133 133 69 135 158 124 100 135 127 132 83 129 84 134 142 122 143 127 76 149 153 138 99 147 131 143 87 143 87 152 141 135 143 144 87 147 141 139 104 179 135 174 120 176 120 185 98 200 143 194 121 195 121 200 121 202 122 210 125 233
helen/2339846774_1.jpg 160 132 150 150 186 181 276 166 219 179 243 170 202 172 202 179 259 159 260 168 195 197 273 183 219 194 250 187 206 191 208 200 259 180 262 188 207 195 260 184 224 229 257 222 240 221 242 233 220 258 268 248 242 247 243 253 241 256 241 264 248 297
helen/2340693798_1.jpg 127 96 168 168 161 143 264 147 201 147 230 147 180 136 179 143 249 139 249 146 172 160 253 165 197 163 230 165 184 156 184 166 242 159 242 169 184 160 241 163 199 200 230 203 217 201 216 211 187 227 234 228 212 223 212 229 211 231 211 239 208 268
helen/2341783781_1.jpg 49 37 152 152 75 91 173 74 108 86 131 80 89 81 90 87 151 68 153 73 85 103 165 88 108 100 139 92 97 95 97 104 151 84 152 93 98 99 152 88 108 131 138 126 116 124 119 135 109 158 155 150 128 148 129 153 130 156 130 164 136 196
helen/2343200154_1.jpg 112 96 151 151 144 143 233 154 180 145 203 149 164 138 162 143 220 145 219 151 149 156 226 165 173 157 205 161 162 152 161 159 216 158 216 166 162 155 216 162 174 188 205 190 193 186 191 195 162 211 207 216 186 207 186 212 185 214 185 221 181 247
helen/2343665394_1.jpg 157 120 146 146 178 156 277 147 224 151 252 154 201 143 201 151 265 145 266 150 187 172 267 164 215 169 247 168 201 165 201 173 255 162 258 168 201 169 256 165 226 204 263 204 256 203 251 213 211 233 260 228 244 223 242 228 238 241 240 249 241 280
helen/2344217511_1.jpg 98 83 153 153 132 136 228 131 161 137 185 133 145 130 145 136 206 124 206 131 140 148 219 143 162 146 194 145 150 142 151 149 205 139 207 147 152 145 207 142 155 182 189 182 164 180 168 190 156 207 205 205 175 200 176 206 178 215 177 224 178 256
helen/2344218773_1.jpg 115 72 126 126 134 105 228 110 164 111 186 110 149 103 149 107 207 103 209 109 140 114 219 122 162 117 192 120 152 110 150 119 206 115 206 124 152 114 207 120 155 149 188 152 166 148 168 159 153 172 200 177 171 170 171 175 175 179 173 187 175 210
helen/2344221437_1.jpg 106 84 138 138 131 117 219 130 162 123 186 127 146 113 146 118 203 121 204 127 136 129 214 144 158 135 190 141 148 127 146 134 202 137 201 145 147 131 201 141 154 162 185 168 167 163 166 172 1.442e+02 1.824e+02 1.947e+02 1.926e+02 1.668e+02 1.803e+02 1.663e+02 1.849e+02 1.649e+02 1.966e+02 1.643e+02 204 167 227
helen/2344899163_1.jpg 62 29 157 157 87 81 187 56 134 77 159 69 107 70 110 78 174 55 175 61 100 94 178 76 126 92 158 84 113 86 113 97 168 74 169 84 112 91 168 79 142 129 177 121 168 124 166 135 127 155 180 142 161 144 161 150 162 161 164 172 172 200
helen/2344967158_1.jpg 38 45 152 152 62 89 158 91 98 88 123 88 80 80 79 86 141 82 142 88 71 106 152 106 95 106 128 105 84 101 83 109 140 101 140 108 84 105 140 104 96 141 128 141 113 137 112 147 89 169 136 169 112 162 112 167 113 170 114 176 115 207
helen/2345048760_1.jpg 31 57 145 145 57 105 151 101 93 105 119 103 74 99 74 105 135 97 135 102 66 110 142 108 89 111 121 110 78 106 78 112 131 104 132 111 78 108 131 107 90 141 122 139 107 141 107 150 79 158 132 157 105 158 106 162 105 170 105 177 105 201
helen/2346175251_1.jpg 104 82 145 145 124 131 217 121 154 130 185 125 136 123 137 128 199 117 199 122 132 142 212 132 153 140 189 135 141 136 142 143 201 128 202 135 141 140 201 131 161 171 189 167 177 167 178 176 158 194 196 190 177 187 177 193 178 196 179 204 181 228
helen/2349481463_1.jpg 56 73 150 150 82 118 173 119 117 115 142 116 99 107 99 113 158 109 159 115 91 135 168 135 114 136 148 135 103 131 103 140 159 130 159 139 104 135 158 134 115 161 144 160 128 155 129 166 111 186 150 186 129 178 129 184 129 192 130 200 128 226
helen/2350619624_1.jpg 114 44 148 148 129 86 232 83 172 88 198 84 150 82 150 88 216 75 216 81 140 96 223 96 166 98 200 96 153 91 153 101 210 91 211 100 152 95 210 94 170 133 204 133 190 132 190 141 161 161 211 160 187 154 188 159 188 161 188 167 189 200
helen/2350688586_1.jpg 107 83 162 162 136 138 236 135 173 137 201 136 154 130 154 136 219 128 219 134 146 149 228 147 171 149 204 148 159 143 158 153 215 141 216 151 159 147 216 145 174 185 203 185 189 182 189 193 164 214 211 214 188 207 188 213 187 216 188 223 188 254
helen/2351450794_1.jpg 126 89 158 158 149 142 252 132 184 136 214 132 164 129 166 137 233 122 233 128 161 159 244 148 185 156 219 152 173 151 174 160 231 144 232 154 174 156 232 149 188 185 223 181 202 176 204 190 186 211 238 209 207 200 209 206 213 223 216 234 219 262
helen/2351504852_1.jpg 111 94 144 144 129 136 235 126 166 137 194 134 146 129 147 136 214 122 215 128 141 150 227 141 167 150 201 146 153 145 154 154 213 139 215 149 154 150 214 143 172 183 204 179 187 181 189 190 169 205 219 198 193 200 194 205 194 207 195 214 200 237
helen/2352254513_1.jpg 109 81 151 151 132 126 229 113 167 129 192 128 147 120 148 125 211 113 212 117 144 142 223 131 168 141 199 137 155 137 156 147 209 129 211 139 156 141 210 133 172 177 203 173 186 177 188 185 168 196 217 190 191 195 192 198 192 200 193 206 197 231
helen/2352307187_1.jpg 118 86 158 158 154 131 251 148 190 134 213 140 175 124 172 131 234 138 233 144 157 143 242 151 183 145 215 150 172 140 170 146 229 146 228 153 171 144 229 149 175 174 208 179 190 171 189 183 165 196 217 206 191 196 190 201 188 212 187 220 182 247
helen/2352531093_1.jpg 56 3 132 132 74 39 171 39 107 39 136 39 91 31 91 38 157 31 157 37 82 50 162 51 106 52 137 52 95 46 93 55 149 46 149 55 94 50 149 50 103 86 137 87 119 86 118 96 93 109 145 109 119 104 119 110 118 119 117 127 118 151
helen/2437352849_1.jpg 112 23 168 168 147 82 246 76 184 76 209 74 164 71 165 78 228 67 229 74 155 91 238 88 180 89 213 88 168 84 167 94 225 82 225 92 168 88 225 87 182 122 214 121 197 114 199 126 174 152 224 150 200 141 200 148 200 152 201 159 202 194
helen/2437510272_1.jpg 49 85 141 141 72 127 168 129 108 131 131 131 90 123 89 128 150 124 150 129 79 136 161 140 104 139 136 140 92 133 91 141 148 135 149 143 91 136 148 138 104 170 135 171 119 168 119 177 94 190 144 192 119 188 119 192 119 195 119 203 119 226
helen/2437565214_1.jpg 75 43 140 140 101 90 192 84 129 87 157 86 114 83 114 89 175 78 176 83 108 99 181 94 129 98 161 96 119 93 118 102 172 90 174 99 119 98 174 95 132 128 158 127 144 122 145 133 133 154 168 153 149 145 150 151 150 155 150 163 155 184
helen/243761838_1.jpg 88 29 121 121 114 60 196 84 147 66 170 72 133 56 130 61 185 71 184 77 117 72 188 92 140 77 168 86 130 71 127 77 180 85 177 92 128 75 178 89 134 100 161 108 151 95 147 106 119 123 162 136 144 118 141 124 143 126 142 133 133 157
helen/2437904540_1.jpg 105 80 164 164 136 132 237 130 176 132 202 133 155 125 155 131 221 124 221 130 146 143 228 142 171 144 204 144 159 138 159 147 215 137 217 146 158 142 215 141 175 178 208 177 194 175 193 185 166 202 217 201 193 197 193 202 192 208 193 216 190 247
helen/2439679146_1.jpg 122 99 156 156 157 133 253 157 192 145 218 150 175 132 174 137 238 147 236 153 163 148 240 167 185 156 217 163 175 146 172 155 229 159 228 168 173 150 228 163 176 190 206 197 189 192 188 202 165 209 210 220 187 212 185 217 186 220 184 228 179 255
helen/2439889861_1.jpg 109 109 170 170 147 152 247 163 177 164 201 163 161 153 160 158 225 155 225 161 155 166 236 176 178 171 209 176 167 163 165 172 222 170 222 180 168 168 224 175 168 211 201 214 177 212 180 221 168 230 216 237 185 234 186 237 187 240 188 248 188 274
helen/2441411300_1.jpg 110 101 131 131 130 132 227 128 169 133 195 134 149 125 149 131 211 125 211 130 138 145 219 141 163 146 197 144 151 140 150 149 207 138 208 146 150 144 207 142 165 181 199 178 186 180 184 189 151 201 201 195 180 197 179 202 178 207 178 214 177 233
helen/2441861132_1.jpg 107 94 152 152 135 140 233 139 170 140 195 138 153 132 152 139 214 131 214 138 144 153 223 152 166 153 197 152 154 148 153 157 208 147 208 156 153 153 206 152 165 188 199 187 177 182 180 193 161 216 210 215 181 208 183 214 183 219 184 228 186 256
helen/2442107375_1.jpg 63 109 151 151 89 148 190 154 133 152 158 155 110 142 109 149 177 147 174 154 99 158 179 162 122 160 159 164 111 154 112 162 168 158 170 166 112 157 169 161 124 199 160 203 147 204 144 213 109 222 164 225 136 223 136 228 135 236 135 245 130 276
helen/2442731862_1.jpg 122 15 158 158 155 69 254 54 179 67 204 62 163 61 164 67 227 49 228 55 167 78 247 68 186 77 219 72 178 70 175 80 232 64 233 73 177 73 233 67 181 117 219 111 190 116 197 127 193 135 245 129 212 132 211 137 213 146 215 155 226 181
helen/2447989452_1.jpg 122 95 166 166 147 150 257 148 187 147 214 146 165 140 165 146 236 137 236 143 158 161 246 158 184 162 219 161 171 156 171 163 232 154 233 162 172 160 232 157 183 197 218 196 199 197 200 208 174 219 233 219 202 216 202 222 202 237 203 246 204 275
helen/2448291599_1.jpg 126 70 133 133 141 117 231 115 173 111 197 109 156 107 157 114 215 105 216 112 148 129 226 127 170 124 202 124 160 123 159 131 215 120 214 128 161 127 216 124 171 150 205 149 192 140 190 152 166 180 215 175 190 168 190 173 192 174 193 180 195 210
helen/2449151024_1.jpg 118 101 149 149 147 144 241 142 179 143 204 142 163 135 163 141 222 134 223 139 155 157 235 155 178 157 210 157 167 151 165 160 222 150 222 159 166 155 222 154 175 191 208 190 190 190 190 199 169 211 220
helen/2449594436_1.jpg 138 95 156 156 165 146 264 145 207 144 233 145 185 137 185 144 250 138 250 144 175 157 255 157 199 156 234 157 188 152 188 159 245 153 245 160 188 155 245 156 207 188 240 188 231 183 227 194 195 213 243 212 224 207 224 213 224 215 224 222 224 255
helen/2450984791_1.jpg 144 100 163 163 176 148 275 160 225 156 248 158 201 146 200 151 264 153 263 158 187 158 266 171 213 164 244 169 202 155 201 165 256 163 257 173 202 159 257 167 211 199 243 205 233 201 229 212 194 217 242 224 221 219 219 224 217 226 216 233 210 259
helen/2454607429_1.jpg 66 99 149 149 92 145 185 135 120 143 147 140 105 138 105 143 167 130 168 135 98 158 179 149 119 157 153 152 109 152 109 161 166 145 167 154 110 156 166 149 122 190 155 188 137 187 138 197 119 214 168 209 142 209 143 214 143 217 143 224 147 251
helen/2458204984_1.jpg 129 106 166 166 163 159 261 151 192 160 215 153 176 152 175 159 237 143 236 150 172 170 255 164 195 172 228 167 184 166 182 175 239 159 241 170 184 170 241 164 186 211 227 207 198 210 203 221 189 236 249 232 213 229 214 235 214 246 214 255 219 288
helen/245873250_1.jpg 47 8 128 128 57 45 157 38 96 46 128 43 75 40 75 45 144 33 142 40 68 57 146 53 92 59 126 55 81 54 80 62 136 50 136 59 81 58 135 54 94 88 123 87 113 84 111 94 84 111 129 109 112 104 110 110 107 111 107 118 102 139
helen/2461725904_1.jpg 44 108 154 154 70 147 172 156 111 152 137 154 89 142 89 148 156 148 158 154 79 162 163 170 106 165 138 168 94 158 93 167 151 163 151 173 94 162 151 168 106 202 138 205 125 199 124 210 93 230 142 235 120 224 119 230 119 234 118 241 116 272
helen/2466353526_1.jpg 146 105 150 150 163 150 262 140 202 149 233 153 181 141 181 147 248 139 248 145 174 166 255 158 200 165 233 164 187 159 187 170 243 154 244 166 186 164 243 160 204 203 239 201 226 201 225 210 192 229 241 220 220 219 220 225 220 232 221 241 219 267
helen/2469551410_1.jpg 64 24 151 151 91 51 190 73 137 63 162 76 115 49 114 57 181 69 179 75 98 69 175 87 124 76 154 84 113 67 108 77 166 80 165 90 111 71 164 84 116 118 148 127 138 124 132 132 96 142 140 150 125 144 123 149 122 152 120 161 108 179
helen/2472784229_1.jpg 119 66 152 152 145 114 241 113 181 114 206 115 162 107 162 113 224 107 224 113 152 123 234 121 176 122 210 123 164 117 164 126 222 117 222 125 163 121 222 120 180 160 211 160 196 157 196 168 171 189 220 188 196 183 196 189 196 194 196 203 198 234
helen/24729177_1.jpg 20 60 145 145 49 98 144 120 84 103 109 108 67 92 65 98 129 107 128 113 56 109 134 127 79 111 111 121 69 105 67 114 123 118 122 127 68 108 123 122 71 147 100 155 86 148 85 158 60 176 106 190 83 174 82 180 82 181 81 188 75 218
helen/2473945935_1.jpg 61 61 149 149 81 119 179 96 119 114 145 108 98 109 98 114 161 94 162 99 92 130 173 110 117 126 149 117 104 122 105 131 159 108 162 117 104 126 160 112 125 157 157 148 142 153 143 161 116 176 169 163 143 169 144 173 145 179 147 187 151 211
helen/2476555449_1.jpg 168 135 154 154 195 192 286 171 231 184 256 177 210 182 212 188 270 166 272 172 205 207 280 189 229 202 258 195 216 201 218 208 268 187 271 196 217 204 268 192 237 232 267 224 255 224 256 234 235 258 280 246 256 246 258 251 261 253 264 259 271 286
helen/2477515529_1.jpg 51 151 165 165 186 41 287 17 215 35 243 23 197 30 198 37 262 10 264 19 199 57 283 35 221 51 256 41 208 48 210 58 267 32 270 42 210 53 269 37 226 88 262 79 237 80 243 92 231 119 283 107 248 104 250 111 254 120 256 129 266 171
helen/2477515529_3.jpg 143 100 155 155 171 149 269 148 206 148 234 149 188 140 187 146 252 140 253 146 177 161 260 162 203 162 235 162 190 157 190 165 247 156 248 164 190 161 247 161 203 194 237 194 221 192 221 202 186 221 245 221 219 213 219 220 220 230 220 239 220 269
helen/2477958141_1.jpg 112 91 164 164 143 142 245 143 177 148 202 147 159 138 159 144 222 138 224 144 152 153 237 153 176 156 211 157 165 150 163 158 224 150 224 159 165 153 224 154 174 194 210 195 188 197 191 207 171 212 224 213 194 213 195 218 198 230 199 240 201 267
helen/2480602910_1.jpg 109 57 133 133 129 91 225 93 162 95 191 95 146 87 145 92 209 90 209 94 137 103 216 103 159 106 193 105 149 100 149 108 205 99 205 106 149 103 205 102 158 136 192 136 173 135 174 144 152 155 202 157 176 153 177 157 176 163 176 171 176 194
helen/248228146_1.jpg 15 32 122 122 33 57 127 63 60 66 86 66 45 55 44 61 107 56 106 63 38 70 119 76 60 75 94 77 49 68 49 76 105 71 106 80 49 71 105 75 56 114 90 115 69 118 70 126 54 130 102 134 74 132 75 136 75 141 75 149 76 173
helen/248255433_1.jpg 16 56 148 148 48 95 143 112 79 98 102 101 61 89 62 95 123 99 123 104 54 108 131 116 75 110 105 113 65 103 64 112 117 108 117 118 64 108 117 113 70 142 99 146 82 140 82 150 62 169 106 174 83 165 83 170 85 173 85 180 82 210
helen/2483534214_1.jpg 103 103 169 169 146 149 240 158 176 154 199 153 164 144 161 150 219 147 218 154 150 163 233 170 173 165 206 168 161 158 161 168 219 163 219 173 161 163 219 168 163 201 196 203 172 196 175 207 159 229 208 233 180 222 180 228 180 235 178 244 177 274
helen/2483653127_1.jpg 115 106 146 146 142 158 226 144 172 156 193 147 157 152 158 157 208 138 210 144 149 169 224 157 168 166 201 159 159 164 158 171 212 154 212 162 159 167 213 158 170 195 202 190 183 190 184 198 166 218 212 212 187 210 187 215 188 217 189 224 193 251
helen/2484089292_1.jpg 36 63 134 134 53 93 150 95 94 97 119 99 73 89 72 95 136 90 136 96 64 104 145 104 89 105 122 106 77 99 77 108 133 100 135 109 77 103 133 104 90 143 121 144 106 145 106 154 82 164 127 165 104 163 104 168 104 170 104 176 103 202
helen/2484463018_1.jpg 130 38 135 135 151 83 236 87 190 78 213 82 170 72 169 79 225 78 225 84 158 93 233 96 181 93 215 94 171 87 170 95 224 90 223 98 171 91 221 94 186 118 220 117 210 111 208 122 173 145 221 145 203 135 202 141 204 146 206 153 205 180
helen/2485495082_1.jpg 134 100 154 154 154 147 260 143 199 147 228 147 176 139 175 145 245 136 245 142 167 161 252 157 194 162 228 160 181 156 181 165 239 153 241 162 180 160 239 157 200 198 236 196 222 197 221 208 185 220 241 215 217 216 217 222 216 229 218 239 219 267
helen/2487307260_1.jpg 105 90 145 145 126 137 226 129 161 138 187 135 141 131 142 137 206 125 207 131 135 147 219 141 160 147 194 144 147 142 147 151 205 137 207 146 148 146 206 141 160 182 193 180 173 181 175 190 155 204 205 202 177 201 178 206 179 208 180 215 183 242
helen/2488505181_1.jpg 81 66 146 146 101 114 204 107 141 115 167 113 119 108 119 113 185 103 186 109 111 124 196 118 137 124 170 122 124 118 125 127 181 114 184 123 124 122 182 118 139 159 174 157 158 159 159 168 130 177 186 173 159 175 159 180 159 185 160 193 162 219
