lfpw/trainset/image_0001.png 107 188 188 188 0 18 -42.052 -42.143 38.696 -37.804 -38.234 36.247 33.04 41.266 -77.119 -67.424 -19.821 -49.463 8.927 -49.634 77.396 -60.716 -57.489 -41.394 -25.485 -38.434 21.758 -35.375 54.057 -37.541 -9.587 17.778 -25.605 21.213 10.167 23.866 -7.717 41.762 -8.943 67.252 -4.37 100.645
lfpw/trainset/image_0002.png 60 141 152 152 0 18 -35.151 -40.729 31.166 -38.818 -32.409 27.324 28.777 28.319 -61.903 -55.476 -15.194 -47.688 5.227 -47.692 62.063 -53.262 -48.355 -40.059 -20.541 -36.893 17.485 -34.817 46.015 -38.172 -5.636 6.541 -19.465 10.553 12.01 11.072 -3.297 28.409 -3.409 47.578 -2.748 80.216
lfpw/trainset/image_0003.png 92 121 132 132 0 18 -29.469 -31.295 27.924 -30.246 -21.729 30.783 25.717 31.949 -52.035 -49.107 -16.39 -38.308 4.497 -37.613 53.175 -46.659 -39.134 -32.647 -17.819 -29.28 16.67 -26.92 39.972 -30.763 -7.552 10.321 -15.243 15.391 9.895 16.268 -3.067 31.505 -3.109 46.676 -0.996 71.879
lfpw/trainset/image_0004.png 208 251 228 228 0 18 -47.461 -53.642 53.042 -55.284 -38.53 45.079 55.549 43.387 -90.051 -75.408 -18.802 -70.654 11.061 -70.884 92.046 -83.985 -69.379 -51.909 -25.014 -48.076 28.779 -48.417 71.786 -56.126 -0.111 15.963 -23.243 20.443 27.375 20.285 2.312 44.956 5.927 77.171 12.731 123.073
lfpw/trainset/image_0005.png 237 264 298 298 0 18 -58.386 -66.732 68.628 -77.258 -38.496 66.66 73.611 57.502 -117.884 -89.159 -15.727 -91.61 20.251 -92.842 119.856 -109.533 -84.498 -63.549 -31.456 -62.582 38.993 -64.893 96.86 -75.681 17.09 10.121 -12.971 25.833 46.407 20.552 18.678 58.743 23.505 94.733 23.481 161.397
lfpw/trainset/image_0006.png 101 120 108 108 0 18 -23.348 -28.088 24.221 -26.734 -22.865 20.256 21.574 22.105 -43.998 -37.06 -7.169 -32.475 7.872 -33.173 45.969 -38.209 -33.656 -27.767 -13.145 -24.859 14.788 -23.825 33.424 -26.963 0.821 5.869 -9.314 8.784 11.459 9.313 0.16 22.482 0.285 34.301 -0.371 57.23
lfpw/trainset/image_0007.png 153 78 108 108 0 18 -19.474 -15.19 28.092 -26.757 -8.222 29.785 31.334 17.975 -38.289 -23.004 3.019 -28.322 16.994 -31.663 38.498 -45.665 -32.058 -12.772 -11.929 -16.666 21.485 -24.915 33.904 -27.118 23.233 2.409 4.41 12.863 30.133 2.287 16.678 21.593 13.884 41.661 18.04 64.302
lfpw/trainset/image_0008.png 208 146 154 154 0 18 -29.153 -40.695 36.364 -41.615 -30.831 21.622 37.929 20.873 -58.761 -52.154 -2.283 -51.91 14.6 -50.067 60.563 -58.208 -43.46 -40.911 -14.897 -38.116 23.08 -39.239 47.384 -41.746 13.31 -0.98 -9.549 5.914 25.375 3.875 7.186 21.421 7.024 50.234 6.188 84.458
lfpw/trainset/image_0009.png 85 89 108 108 0 18 -22.766 -28.733 22.041 -25.525 -25.916 22.385 12.796 24.845 -42.215 -41.243 -10.914 -40.665 8.36 -38.527 42.251 -35.585 -30.66 -29.237 -15.134 -26.997 12.332 -24.402 30.888 -24.647 -5.016 -4.916 -13.99 2.314 5.783 4.685 -4.929 16.61 -5.613 28.142 -9.128 60.19
lfpw/trainset/image_0010.png 572 179 308 308 0 18 -77.347 -79.837 53.946 -69.603 -75.533 69.919 36.033 79.239 -117.08 -118.999 -50.882 -103.104 -11.492 -100.291 117.145 -101.784 -96.691 -79.58 -50.103 -71.765 20.963 -64.23 84.966 -68.067 -54.425 8.519 -63.213 24.695 -9.343 31.433 -40.451 66.199 -34.653 105.213 -30.164 172.268
lfpw/trainset/image_0011.png 122 212 196 196 0 18 -37.117 -50.206 46.397 -48.388 -36.537 34.096 38.372 36.927 -80.184 -70.166 -5.143 -60.823 17.384 -61.279 80.304 -65.13 -55.339 -50.301 -20.744 -46.385 29.69 -44.017 62.764 -47.503 9.735 6.171 -12.218 13.663 25.378 14.488 7.13 37.159 6.844 60.627 -0.595 103.928
lfpw/trainset/image_0012.png 452 179 260 260 0 18 -65.197 -66.96 44.192 -58.629 -69.639 51.993 32.304 57.915 -99.879 -99.036 -42.441 -90.211 -2.699 -88.861 100.153 -80.492 -86.225 -67.365 -40.685 -59.55 21.493 -56.579 68.484 -55.689 -43.026 2.038 -54.652 13.056 -4.289 20.27 -31.706 50.682 -33.0 84.222 -26.239 143.291
lfpw/trainset/image_0014.png 62 154 148 148 0 18 -38.183 -40.691 34.079 -37.703 -35.393 24.208 34.219 28.178 -57.309 -56.109 -21.663 -52.904 14.518 -50.552 58.597 -50.332 -52.549 -39.824 -23.615 -38.829 19.567 -37.036 48.576 -35.731 -10.421 -4.499 -22.114 4.798 8.481 8.395 -7.536 22.263 -7.039 46.073 -0.441 81.377
lfpw/trainset/image_0015.png 212 122 120 120 0 18 -30.306 -30.946 22.222 -25.61 -31.489 26.098 16.904 29.886 -46.301 -46.385 -17.548 -39.787 1.505 -38.317 47.37 -35.851 -40.197 -32.487 -19.265 -27.917 10.688 -25.227 32.283 -25.473 -15.462 -0.237 -23.431 9.319 0.164 12.146 -12.24 24.125 -12.473 45.382 -9.173 66.981
lfpw/trainset/image_0016.png 126 148 140 140 0 18 -31.711 -36.463 28.061 -34.134 -30.259 23.328 25.83 26.754 -56.621 -50.821 -16.767 -48.225 3.576 -46.94 58.165 -49.016 -44.126 -36.442 -18.296 -32.764 15.736 -31.069 40.769 -33.511 -9.29 2.048 -19.71 8.277 7.367 9.211 -5.225 24.964 -5.004 42.039 -3.224 73.882
lfpw/trainset/image_0017.png 54 123 170 170 0 18 -35.989 -35.392 38.459 -40.363 -19.415 47.097 38.568 39.623 -67.516 -57.556 -20.359 -56.51 12.086 -58.879 69.274 -63.591 -49.805 -36.401 -20.136 -32.65 25.014 -36.967 52.01 -42.743 1.692 6.471 -12.44 16.725 20.929 14.148 5.108 36.691 6.836 59.787 11.846 91.643
lfpw/trainset/image_0018.png 218 103 132 132 0 18 -33.494 -33.64 21.86 -32.735 -33.222 25.659 20.538 28.048 -52.257 -47.903 -21.878 -49.108 -3.315 -47.155 52.755 -44.649 -43.906 -32.528 -20.606 -29.144 9.802 -28.981 35.268 -30.297 -18.881 -5.608 -25.268 6.668 0.24 6.882 -13.61 22.721 -13.536 38.167 -9.012 73.074
lfpw/trainset/image_0019.png 59 138 130 130 0 18 -26.857 -36.845 22.524 -36.904 -19.66 27.255 36.309 20.884 -44.607 -51.195 -21.024 -46.055 -8.533 -48.406 45.732 -55.247 -34.971 -37.467 -17.472 -33.323 11.645 -34.074 33.883 -36.143 -22.806 -2.141 -27.712 6.438 1.59 4.81 -10.1 19.383 -2.408 52.039 3.414 78.801
lfpw/trainset/image_0025.png 408 238 418 418 0 18 -94.8 -94.959 76.162 -100.771 -90.979 83.986 73.971 80.45 -161.919 -136.523 -53.568 -150.771 9.329 -157.129 163.178 -142.515 -125.397 -89.022 -58.072 -87.914 39.1 -93.786 108.743 -100.443 -43.7 -18.157 -63.943 15.686 12.207 14.114 -24.24 66.298 -22.843 130.624 -8.557 228.564
lfpw/trainset/image_0026.png 295 172 352 352 0 18 -63.875 -29.745 83.224 -71.677 -4.592 117.33 113.355 79.429 -133.268 -58.255 -43.392 -85.381 19.381 -104.355 135.19 -135.746 -90.87 -23.47 -29.357 -37.1 54.0 -59.298 110.449 -78.494 13.051 33.629 1.287 62.654 57.973 47.891 44.532 99.208 54.921 128.465 85.671 194.793
lfpw/trainset/image_0027.png 568 214 322 322 0 18 -69.74 -80.456 66.505 -77.67 -70.925 62.936 65.591 63.731 -132.242 -110.918 -21.62 -112.932 34.471 -113.878 132.808 -106.022 -98.98 -79.101 -40.128 -74.123 39.788 -71.38 93.054 -76.494 5.858 9.923 -31.774 21.03 34.429 22.28 0.935 62.798 1.276 101.108 -6.163 169.822
lfpw/trainset/image_0028.png 118 75 102 102 0 18 -15.752 -26.688 25.994 -26.791 -8.935 25.318 27.167 23.027 -38.326 -35.16 4.441 -39.223 18.126 -38.379 38.884 -40.247 -24.739 -26.431 -7.982 -26.353 18.439 -25.021 32.703 -26.215 15.82 -5.788 3.573 3.538 22.323 3.703 13.959 16.308 13.59 35.537 9.096 57.615
lfpw/trainset/image_0029.png 64 124 160 160 0 18 -38.319 -41.638 31.507 -43.564 -30.334 38.288 27.47 38.637 -63.943 -56.025 -20.779 -53.474 4.204 -56.314 64.247 -59.903 -51.001 -40.705 -22.532 -37.092 16.01 -38.236 46.219 -43.134 -12.74 1.448 -22.323 8.947 7.469 8.159 -7.238 30.665 -7.083 55.148 2.263 86.137
lfpw/trainset/image_0030.png 315 192 360 360 0 18 -84.94 -78.43 80.645 -85.026 -52.001 90.522 67.309 86.868 -147.593 -116.359 -36.998 -118.792 28.654 -122.362 148.117 -128.474 -116.485 -77.495 -48.247 -74.161 48.309 -76.889 114.565 -85.199 4.184 15.582 -28.93 32.185 38.967 31.217 7.917 75.148 9.762 119.236 9.414 189.834
lfpw/trainset/image_0032.png 86 102 114 114 0 18 -26.781 -30.646 19.735 -28.677 -26.822 21.512 20.998 26.1 -41.68 -45.73 -17.251 -40.969 -1.75 -40.573 42.167 -42.258 -34.339 -32.009 -16.943 -27.82 9.038 -25.519 30.966 -27.604 -18.595 -0.521 -21.969 6.947 -0.117 7.797 -11.539 21.294 -10.781 41.904 -13.302 64.802
lfpw/trainset/image_0033.png 97 169 192 192 0 18 -47.318 -53.906 33.41 -52.115 -50.691 28.263 30.229 26.504 -73.736 -74.463 -23.776 -66.596 13.082 -62.539 74.42 -69.088 -64.146 -53.796 -31.256 -49.366 17.922 -48.67 48.556 -51.653 -3.882 1.192 -27.337 7.069 15.196 6.843 -7.473 28.419 -7.407 60.985 -10.08 106.885
lfpw/trainset/image_0034.png 114 93 116 116 0 18 -25.706 -31.021 25.159 -30.227 -20.869 27.331 22.823 26.056 -47.298 -41.665 -8.693 -41.905 8.897 -41.566 47.675 -42.549 -35.342 -31.206 -14.571 -28.821 16.121 -27.936 34.537 -30.503 0.086 -2.83 -8.97 4.431 10.373 5.002 1.036 19.711 1.052 39.805 0.08 61.893
lfpw/trainset/image_0035.png 154 94 124 124 0 18 -26.898 -31.603 27.234 -31.462 -21.774 26.508 24.888 25.15 -51.059 -40.181 -11.508 -42.925 9.212 -42.073 52.521 -40.797 -37.974 -31.01 -14.544 -28.854 15.597 -29.223 37.659 -31.248 -0.606 -1.383 -10.798 4.232 11.158 4.978 0.564 21.127 0.602 38.221 0.162 64.303
lfpw/trainset/image_0036.png 81 112 118 118 0 18 -24.508 -25.586 25.269 -31.493 -18.068 23.739 32.945 20.125 -42.494 -37.107 -15.004 -37.748 2.066 -39.62 44.372 -47.116 -33.07 -24.714 -13.318 -24.218 14.644 -28.027 36.397 -32.437 -6.647 2.512 -13.422 9.416 9.782 6.713 0.311 20.015 5.03 39.12 4.964 67.463
lfpw/trainset/image_0037.png 93 134 130 130 0 18 -31.254 -36.463 25.244 -32.8 -28.642 24.721 25.732 29.197 -48.805 -51.271 -19.239 -44.499 -2.007 -43.246 49.559 -47.212 -39.394 -37.565 -20.544 -34.888 12.352 -30.852 37.231 -31.48 -18.131 3.095 -22.119 10.469 1.14 10.701 -10.97 27.489 -9.598 42.17 -2.944 74.37
lfpw/trainset/image_0038.png 246 46 92 92 0 18 -20.584 -24.0 20.825 -21.952 -20.986 15.465 18.19 17.43 -37.238 -33.709 -5.829 -30.627 9.336 -31.063 37.799 -33.085 -29.537 -23.769 -12.497 -21.497 13.553 -19.999 28.016 -21.968 0.324 3.542 -10.673 6.47 10.745 6.235 -0.821 16.437 -0.766 27.463 4.613 49.472
lfpw/trainset/image_0040.png 128 106 112 112 0 18 -24.458 -30.765 21.012 -31.899 -18.554 26.414 17.124 25.382 -41.38 -43.855 -15.543 -43.33 -1.716 -44.008 42.577 -45.611 -32.997 -30.371 -14.579 -28.921 11.191 -29.187 31.351 -31.841 -12.657 -4.403 -17.125 2.004 3.106 0.918 -5.957 16.439 -3.781 38.32 5.025 63.879
lfpw/trainset/image_0041.png 547 428 626 626 0 18 -75.99 -109.255 157.572 -164.534 -31.773 153.751 221.368 86.25 -220.146 -134.386 19.004 -207.594 102.729 -221.87 207.118 -258.595 -137.196 -87.03 -23.04 -103.97 109.996 -133.804 187.955 -166.896 169.292 -14.279 79.78 47.651 190.925 20.052 157.522 96.872 178.993 209.976 150.635 365.7
lfpw/trainset/image_0042.png 131 136 154 154 0 18 -24.598 -33.303 35.951 -37.981 -26.032 26.777 41.381 22.057 -62.356 -43.033 1.998 -47.923 19.009 -48.636 62.992 -55.343 -36.218 -31.443 -12.309 -31.659 24.39 -34.338 48.006 -38.538 17.05 1.577 -2.171 10.124 31.618 6.442 14.495 23.531 14.92 50.37 15.956 81.578
lfpw/trainset/image_0043.png 611 379 438 438 0 18 -81.31 -112.475 104.491 -118.503 -32.321 106.511 114.121 102.051 -171.523 -141.842 -2.249 -161.423 50.597 -164.511 171.657 -161.803 -120.856 -103.989 -42.382 -106.49 68.878 -108.195 136.748 -110.414 60.28 -40.562 5.743 0.625 85.495 1.357 52.709 55.767 52.353 125.079 57.856 239.824
lfpw/trainset/image_0044.png 108 185 172 172 0 18 -34.756 -43.515 37.916 -42.154 -32.458 30.194 31.773 32.78 -71.212 -61.826 -6.054 -52.213 14.316 -53.023 72.618 -53.833 -49.871 -43.441 -19.009 -40.842 23.374 -38.354 50.46 -42.356 5.847 5.547 -13.433 11.141 19.762 11.872 3.123 32.04 3.794 53.07 -2.269 89.876
lfpw/trainset/image_0045.png 552 741 904 904 0 18 -180.481 -180.189 194.001 -218.757 -109.796 210.868 231.681 173.887 -355.444 -234.372 -84.803 -246.267 29.879 -259.96 355.494 -337.118 -257.362 -169.137 -97.895 -166.685 117.232 -192.068 269.35 -229.916 7.812 57.077 -59.752 99.504 107.549 83.955 38.615 197.722 62.241 303.698 106.956 489.326
lfpw/trainset/image_0046.png 534 710 752 752 0 18 -152.334 -182.847 131.649 -204.339 -100.119 194.287 146.219 165.508 -268.802 -274.453 -134.284 -248.996 -46.619 -271.4 268.885 -307.042 -199.986 -176.99 -93.518 -167.654 63.749 -186.069 204.628 -205.291 -118.671 8.521 -135.312 61.151 0.258 54.121 -53.947 161.068 -39.79 258.817 33.071 435.559
lfpw/trainset/image_0047.png 279 126 140 140 0 18 -30.442 -31.827 32.696 -32.556 -23.606 26.504 24.844 25.295 -56.083 -48.177 -6.362 -43.143 9.804 -45.06 56.376 -51.115 -41.813 -30.778 -17.601 -30.305 21.363 -30.971 42.994 -32.535 3.234 9.101 -11.347 11.628 18.492 10.258 1.808 26.509 2.222 36.309 1.537 76.527
lfpw/trainset/image_0048.png 111 88 164 164 0 18 -31.97 -42.291 34.198 -48.775 -29.498 30.861 47.904 23.38 -61.8 -46.05 -13.696 -60.136 7.991 -62.924 63.604 -59.552 -44.965 -37.889 -18.547 -39.922 21.492 -44.677 47.1 -47.394 0.554 -17.632 -13.41 -8.147 19.126 -11.391 3.328 4.047 9.182 58.168 15.131 92.328
lfpw/trainset/image_0049.png 111 163 186 186 0 18 -38.184 -46.293 39.365 -34.07 -53.726 23.633 29.316 37.055 -72.252 -71.081 -9.214 -57.249 20.382 -54.006 73.563 -52.039 -54.806 -47.86 -23.211 -40.975 22.388 -32.763 55.354 -32.323 -2.062 12.241 -24.333 11.948 14.421 17.626 -10.043 32.929 -14.36 65.588 -24.333 101.629
lfpw/trainset/image_0050.png 204 156 170 170 0 18 -37.468 -51.598 34.991 -46.242 -34.017 34.942 23.364 37.339 -63.687 -67.062 -21.46 -63.892 13.21 -62.313 64.109 -59.443 -50.118 -53.094 -22.182 -46.84 20.196 -43.255 49.698 -45.878 -12.622 -5.868 -27.725 3.058 10.904 6.437 -8.534 36.621 -8.031 48.179 -9.967 96.851
lfpw/trainset/image_0051.png 70 229 264 264 0 18 -47.99 -43.36 62.042 -59.56 -19.937 71.074 76.078 54.918 -101.455 -62.934 -16.14 -63.709 14.153 -68.698 102.71 -100.441 -69.452 -42.14 -22.877 -42.426 39.673 -50.07 83.113 -64.788 12.331 21.689 -5.307 36.647 43.051 30.073 24.773 63.968 30.659 94.219 43.293 144.683
lfpw/trainset/image_0052.png 178 234 256 256 0 18 -58.95 -63.806 52.596 -60.759 -45.444 57.884 49.738 57.265 -103.265 -93.245 -37.659 -78.617 3.641 -73.706 103.335 -91.36 -76.61 -67.411 -34.742 -56.608 28.671 -53.868 75.297 -61.736 -17.831 19.841 -36.258 25.435 15.185 27.146 -8.594 59.467 -8.085 87.341 3.814 137.112
lfpw/trainset/image_0053.png 155 96 122 122 0 18 -26.159 -32.445 27.259 -32.772 -21.637 26.369 24.604 24.988 -51.029 -42.033 -11.802 -42.71 8.805 -42.864 51.919 -42.868 -37.211 -31.701 -15.175 -29.722 16.468 -29.612 37.462 -31.886 0.212 -1.288 -11.069 3.658 10.178 4.487 0.653 20.225 1.205 37.614 0.125 64.073
lfpw/trainset/image_0055.png 108 226 254 254 0 18 -50.898 -55.598 56.357 -62.433 -39.674 53.474 62.35 46.042 -100.039 -79.479 -24.085 -77.491 12.515 -79.214 100.781 -95.761 -71.627 -53.876 -28.207 -51.305 33.516 -54.614 79.198 -64.671 3.107 15.27 -21.501 21.604 31.78 17.835 10.932 50.18 13.799 82.29 18.609 137.982
lfpw/trainset/image_0057.png 548 105 126 126 0 18 -22.653 -29.67 27.901 -33.366 -15.705 31.205 35.283 26.536 -43.78 -45.353 -19.095 -41.392 1.038 -41.143 45.442 -52.634 -32.686 -29.079 -12.964 -26.824 16.144 -29.056 39.559 -34.085 -10.421 8.087 -13.509 16.329 10.209 11.728 0.511 29.181 2.346 44.316 4.664 72.93
lfpw/trainset/image_0058.png 114 88 108 108 0 18 -22.717 -25.315 22.671 -20.513 -22.978 20.046 14.488 25.518 -43.08 -39.709 -8.446 -33.181 7.596 -30.855 44.684 -27.674 -31.623 -26.305 -13.21 -22.522 13.198 -18.966 31.246 -19.671 -3.038 7.625 -10.934 9.106 5.387 11.303 -3.88 23.911 -4.028 35.457 -7.725 58.758
lfpw/trainset/image_0059.png 143 128 142 142 0 18 -26.112 -36.8 32.237 -29.892 -35.597 19.831 25.383 28.157 -56.488 -52.201 -4.932 -47.077 15.532 -43.447 57.213 -40.524 -38.679 -36.752 -15.45 -33.204 19.377 -27.664 43.166 -28.802 7.884 5.658 -12.664 7.852 17.004 10.658 2.063 24.59 -0.747 41.994 -7.802 76.677
lfpw/trainset/image_0060.png 108 147 178 178 0 18 -35.91 -44.048 39.819 -44.755 -33.028 31.876 40.752 31.644 -70.11 -60.853 -17.777 -61.637 16.907 -61.969 70.663 -65.862 -51.224 -42.46 -20.394 -40.206 25.413 -40.776 54.623 -44.257 2.379 4.073 -13.853 9.105 21.039 7.787 2.071 28.889 3.185 50.004 5.695 97.783
lfpw/trainset/image_0061.png 91 97 132 132 0 18 -16.817 -30.576 35.478 -32.135 -4.158 36.24 34.684 36.091 -49.649 -38.207 4.587 -47.976 21.853 -48.966 49.773 -51.48 -29.848 -29.439 -5.851 -26.585 24.355 -27.096 43.152 -29.756 25.778 -4.283 9.58 8.577 30.477 9.201 20.648 28.705 20.851 42.849 23.246 75.323
lfpw/trainset/image_0062.png 206 149 186 186 0 18 -28.257 -47.85 41.735 -46.607 -29.953 36.003 32.804 38.55 -73.089 -55.197 6.402 -69.206 28.529 -66.814 73.527 -61.111 -42.887 -46.576 -13.936 -43.306 28.068 -42.509 54.055 -44.731 22.993 6.093 -3.88 12.443 34.419 11.103 15.149 40.832 11.504 52.798 6.827 101.113
lfpw/trainset/image_0063.png 82 138 156 156 0 18 -31.885 -34.842 28.282 -45.771 -27.493 23.56 44.194 9.708 -64.554 -36.801 -19.108 -51.111 0.594 -53.38 64.756 -54.748 -42.641 -32.141 -19.799 -34.012 17.143 -40.272 39.832 -48.011 -2.522 0.384 -15.021 6.029 17.922 1.671 3.516 19.623 7.936 44.669 14.658 81.907
lfpw/trainset/image_0065.png 41 122 140 140 0 18 -17.651 -27.087 38.029 -39.259 -13.147 39.916 40.462 24.031 -51.772 -37.86 -0.976 -51.452 25.91 -52.08 52.569 -55.926 -31.803 -23.214 -4.419 -26.376 26.986 -34.076 45.953 -38.97 36.278 3.209 14.087 13.78 39.222 7.908 30.677 26.177 31.673 52.031 30.231 80.822
lfpw/trainset/image_0068.png 141 133 186 186 0 18 -39.147 -51.418 36.059 -47.764 -36.806 39.76 25.262 43.158 -70.982 -64.727 -22.929 -70.644 17.358 -72.161 72.78 -57.594 -53.049 -50.801 -25.504 -48.669 21.307 -45.314 48.507 -46.295 -3.52 1.929 -20.217 6.54 12.409 8.847 -6.155 36.36 -6.283 57.449 -8.412 103.106
lfpw/trainset/image_0069.png 475 408 504 504 0 18 -82.797 -105.719 127.504 -126.87 -96.054 100.282 132.337 66.621 -183.988 -173.164 -10.563 -154.114 85.789 -157.686 184.187 -202.709 -124.34 -101.266 -41.95 -99.975 91.837 -115.88 158.8 -128.959 78.355 18.188 11.4 55.134 106.978 45.057 54.134 89.287 50.754 190.211 42.042 289.219
lfpw/trainset/image_0070.png 72 113 196 196 0 18 -37.953 -33.055 47.512 -46.868 -12.176 57.99 57.094 47.315 -74.223 -50.347 -16.068 -58.469 16.723 -61.324 75.553 -75.521 -53.217 -29.51 -21.168 -31.664 30.743 -40.796 61.885 -48.241 8.798 25.519 -6.099 31.184 30.743 25.385 16.347 52.01 21.438 72.64 29.944 108.75
lfpw/trainset/image_0073.png 115 104 96 96 0 18 -20.993 -17.846 23.505 -22.134 -14.53 24.968 25.155 20.95 -39.306 -28.001 -6.469 -27.245 8.65 -28.62 39.864 -35.386 -29.982 -17.653 -11.526 -16.677 14.809 -18.521 32.086 -23.24 3.478 7.78 -6.07 10.618 12.895 9.271 4.382 21.83 5.763 34.935 7.627 51.702
lfpw/trainset/image_0074.png 128 114 128 128 0 18 -23.449 -20.223 32.769 -32.005 -13.745 33.265 35.116 23.689 -49.115 -26.342 -4.904 -30.824 17.693 -34.772 50.251 -49.49 -34.182 -17.189 -12.36 -20.475 22.26 -28.098 42.389 -32.739 11.984 10.17 -0.925 16.488 23.758 11.304 15.182 30.914 18.37 44.444 7.071 71.511
lfpw/trainset/image_0075.png 207 146 182 182 0 18 -35.17 -48.564 41.249 -50.493 -37.439 29.362 40.992 24.954 -71.119 -68.586 -12.796 -67.181 25.084 -63.715 73.082 -65.456 -52.334 -47.991 -20.492 -45.851 27.152 -47.394 56.131 -50.598 8.366 2.795 -10.944 7.96 23.727 7.199 4.654 23.927 5.528 61.111 6.582 99.552
lfpw/trainset/image_0077.png 117 97 142 142 0 18 -24.462 -23.525 35.393 -32.189 -8.185 37.133 39.74 33.039 -56.131 -32.386 -11.609 -39.995 14.428 -43.926 56.228 -53.555 -35.82 -20.822 -12.295 -22.122 24.257 -27.549 45.934 -33.095 9.751 5.419 -1.105 11.776 21.323 9.14 14.261 28.099 16.867 46.324 19.18 77.9
lfpw/trainset/image_0079.png 162 87 130 130 0 18 -22.868 -32.168 28.463 -29.36 -26.173 25.44 26.512 27.055 -50.023 -41.596 2.889 -49.625 16.378 -50.398 50.263 -40.463 -32.984 -31.983 -13.101 -30.846 18.195 -28.328 37.219 -27.658 11.897 1.265 -5.499 7.328 18.738 9.791 7.015 26.182 5.801 36.399 4.493 72.95
lfpw/trainset/image_0080.png 206 262 188 188 0 18 -39.505 -59.067 45.26 -58.74 -28.685 40.292 36.157 39.545 -74.313 -67.15 -6.522 -67.483 17.31 -65.7 75.452 -68.933 -55.166 -59.319 -21.065 -57.211 27.218 -56.419 61.102 -58.353 4.264 -2.796 -11.458 4.66 18.094 5.102 2.732 40.338 2.832 49.431 3.798 101.842
lfpw/trainset/image_0081.png 137 127 102 102 0 18 -28.283 -18.831 17.698 -15.655 -19.237 27.571 13.163 29.21 -38.814 -40.279 -15.096 -27.535 0.988 -29.076 39.919 -31.053 -32.645 -18.641 -22.674 -16.448 13.179 -14.508 24.128 -15.642 -17.854 11.012 -20.835 17.294 -1.247 16.788 -9.55 28.797 -9.018 36.366 -4.83 56.728
lfpw/trainset/image_0082.png 180 106 118 118 0 18 -23.945 -33.431 23.128 -19.823 -39.46 17.993 5.285 31.488 -44.938 -46.102 -1.296 -36.752 12.441 -33.773 45.652 -16.815 -32.474 -35.712 -15.207 -29.569 13.384 -21.25 30.985 -16.963 -9.663 6.062 -19.987 6.206 -3.036 12.632 -18.072 26.172 -22.835 33.187 -33.351 66.819
lfpw/trainset/image_0083.png 318 70 118 118 0 18 -23.876 -20.451 29.006 -24.617 -17.401 29.775 27.523 26.386 -49.259 -32.142 -8.678 -38.538 11.142 -40.689 50.154 -40.765 -33.367 -19.636 -13.837 -19.534 19.311 -22.044 37.452 -25.433 5.449 4.093 -4.156 11.54 14.352 10.551 6.526 26.746 7.487 37.114 7.515 62.012
lfpw/trainset/image_0084.png 139 125 164 164 0 18 -36.413 -40.933 34.655 -37.496 -44.743 25.854 38.309 30.887 -67.524 -56.729 -13.015 -57.744 13.667 -55.672 67.68 -48.559 -50.418 -41.478 -22.264 -36.785 19.543 -35.128 48.875 -36.125 -2.99 -6.191 -19.315 -0.051 12.859 1.926 -3.991 22.138 -4.734 46.64 -7.26 87.166
lfpw/trainset/image_0086.png 39 144 136 136 0 18 -31.558 -38.706 27.567 -31.623 -31.796 25.079 14.37 35.669 -51.859 -52.874 -16.79 -50.575 5.38 -48.058 52.263 -44.108 -41.38 -37.732 -21.501 -35.725 13.894 -30.712 39.07 -31.126 -14.981 -2.27 -24.761 -0.364 2.971 4.228 -14.694 19.658 -16.001 49.516 -15.666 75.934
lfpw/trainset/image_0089.png 115 254 396 396 0 18 -76.597 -82.217 85.088 -104.067 -48.312 92.754 85.734 84.952 -151.726 -108.624 -41.125 -138.662 42.289 -151.451 153.279 -151.058 -105.595 -72.62 -45.971 -79.296 52.597 -95.257 112.217 -100.688 10.86 0.435 -15.183 24.754 44.136 20.467 19.563 76.538 24.18 129.409 22.831 217.717
lfpw/trainset/image_0090.png 142 165 202 202 0 18 -30.963 -30.293 47.439 -14.616 -43.073 62.095 10.252 68.955 -81.146 -74.252 9.822 -40.554 40.641 -37.532 81.403 -33.248 -46.937 -35.341 -15.548 -22.915 31.636 -15.363 59.902 -12.88 12.926 44.011 -15.582 40.732 18.19 46.686 -7.114 66.238 -12.453 80.002 -33.799 109.444
lfpw/trainset/image_0091.png 90 71 94 94 0 18 -19.339 -25.319 24.067 -24.597 -16.042 17.738 16.993 19.306 -38.748 -31.605 -4.314 -32.678 10.468 -32.5 40.564 -31.721 -27.819 -25.485 -11.063 -23.155 15.87 -22.423 31.311 -23.833 2.435 1.976 -7.585 3.658 10.85 3.856 0.604 18.953 0.848 27.163 -0.168 50.173
lfpw/trainset/image_0092.png 129 90 94 94 0 18 -17.547 -20.905 22.468 -24.772 -16.595 15.605 26.373 11.523 -36.471 -30.379 -6.633 -31.527 12.152 -33.732 36.923 -35.983 -24.702 -20.708 -9.312 -19.558 14.57 -23.243 29.095 -25.441 7.236 0.862 -4.044 3.698 15.956 1.614 6.657 12.943 7.409 29.144 11.283 52.297
lfpw/trainset/image_0094.png 41 81 108 108 0 18 -25.857 -28.489 16.705 -22.759 -28.992 19.492 6.251 26.336 -40.437 -42.03 -14.491 -35.818 -0.678 -35.09 41.631 -24.997 -33.575 -30.059 -18.176 -25.053 7.49 -21.683 25.544 -20.638 -19.302 5.834 -26.94 5.0 -1.099 9.479 -15.511 22.889 -15.738 35.346 -17.286 61.213
lfpw/trainset/image_0095.png 118 190 254 254 0 18 -56.952 -62.144 46.849 -33.546 -99.097 36.202 31.888 66.793 -92.258 -94.548 -11.732 -85.974 32.932 -80.733 100.007 -54.571 -74.958 -65.431 -39.857 -54.553 27.67 -36.539 62.476 -27.985 -11.855 16.343 -45.482 12.989 9.192 24.527 -24.617 52.51 -36.581 87.926 -51.743 138.194
lfpw/trainset/image_0096.png 188 100 104 104 0 18 -21.13 -23.842 25.29 -26.206 -12.057 26.476 26.6 24.576 -41.15 -33.608 -14.869 -29.737 9.481 -32.088 41.335 -39.426 -29.243 -24.724 -13.359 -23.258 16.192 -24.104 34.382 -27.743 -5.652 7.015 -12.815 9.124 11.189 10.198 0.504 26.309 1.094 33.489 8.117 56.684
lfpw/trainset/image_0097.png 68 105 102 102 0 18 -22.596 -23.719 22.104 -25.961 -8.582 27.238 23.906 25.218 -41.485 -33.338 -15.334 -32.18 3.872 -33.601 42.849 -36.541 -29.802 -23.216 -14.584 -22.025 13.438 -24.235 30.35 -25.782 -6.203 7.578 -13.708 11.936 9.238 11.801 2.211 24.021 2.954 34.137 15.562 54.446
lfpw/trainset/image_0099.png 125 219 166 166 0 18 -29.781 -35.169 38.066 -48.161 -21.355 36.714 50.723 23.279 -62.65 -40.236 -11.557 -53.231 23.857 -62.312 63.124 -64.28 -42.2 -31.784 -15.938 -34.106 25.591 -42.043 48.467 -49.47 22.329 4.135 3.696 12.959 32.084 8.366 20.845 30.889 23.424 54.643 28.807 93.667
lfpw/trainset/image_0101.png 122 92 136 136 0 18 -25.841 -25.898 30.638 -27.103 -18.99 33.939 23.719 30.877 -53.467 -48.807 -7.999 -45.525 19.35 -50.265 53.866 -52.03 -36.162 -26.46 -15.398 -26.142 17.954 -26.314 40.138 -28.036 6.339 9.105 -9.665 12.932 15.989 13.029 3.203 30.902 3.193 41.552 2.635 74.44
lfpw/trainset/image_0102.png 221 113 106 106 0 18 -21.984 -27.069 24.789 -31.574 -12.236 27.363 28.987 23.137 -39.346 -31.855 -3.151 -38.557 8.272 -39.529 41.275 -40.717 -30.713 -26.64 -12.571 -25.364 16.377 -28.938 32.536 -32.139 4.459 -0.218 -6.205 4.873 15.76 2.802 7.146 19.442 8.756 32.577 9.877 60.601
lfpw/trainset/image_0103.png 177 106 100 100 0 18 -20.429 -24.563 22.387 -26.323 -14.82 26.249 23.81 24.294 -35.875 -40.347 -6.238 -38.161 4.543 -38.019 37.643 -40.804 -27.554 -25.048 -11.362 -22.325 13.749 -23.595 28.803 -27.771 -0.375 4.776 -9.767 8.229 11.76 7.97 1.845 22.621 2.041 33.731 5.477 58.603
lfpw/trainset/image_0104.png 111 88 134 134 0 18 -23.941 -38.385 31.978 -30.985 -20.241 32.666 19.034 36.824 -49.657 -53.21 0.386 -50.337 16.589 -47.283 50.798 -42.045 -33.948 -40.096 -12.125 -34.454 20.926 -28.764 41.102 -29.125 11.9 -0.629 -5.043 5.021 18.713 11.261 3.251 30.641 2.482 40.576 -5.224 75.446
lfpw/trainset/image_0105.png 89 74 94 94 0 18 -21.52 -26.766 20.899 -28.59 -15.301 17.058 16.662 17.596 -37.374 -31.135 -7.732 -34.651 2.43 -33.712 38.985 -31.965 -27.979 -26.547 -14.699 -25.718 13.864 -27.784 27.209 -28.108 -4.297 -1.321 -10.752 1.841 7.744 2.427 -1.907 16.896 -1.954 26.243 4.057 52.008
lfpw/trainset/image_0106.png 120 87 130 130 0 18 -27.21 -25.707 30.534 -32.208 -19.523 23.825 34.299 17.631 -50.374 -36.256 -11.38 -38.604 8.617 -40.325 50.9 -49.727 -37.528 -23.867 -16.493 -24.249 19.649 -28.31 40.603 -33.713 4.111 7.074 -8.038 12.117 18.577 9.118 6.805 22.287 9.517 46.06 10.926 72.433
lfpw/trainset/image_0107.png 347 76 90 90 0 18 -18.269 -20.735 20.433 -18.71 -25.011 22.031 15.307 24.277 -34.642 -28.617 5.856 -33.833 12.079 -33.976 35.383 -26.99 -24.559 -21.234 -12.39 -18.065 12.463 -18.258 25.512 -18.304 9.3 3.607 -6.625 5.969 14.891 7.794 3.9 18.721 2.422 28.548 -6.066 49.545
lfpw/trainset/image_0110.png 105 98 180 180 0 18 -41.471 -39.125 31.669 -31.848 -48.054 45.666 13.999 51.828 -66.614 -70.964 -24.688 -59.463 2.694 -58.459 67.495 -55.591 -54.232 -43.084 -26.344 -36.681 12.458 -32.521 48.119 -31.64 -23.669 8.638 -32.106 17.431 -3.56 20.855 -24.667 40.556 -23.142 65.436 -22.209 101.895
lfpw/trainset/image_0111.png 121 151 104 104 0 18 -25.076 -27.104 24.045 -30.463 -21.346 18.242 24.305 14.937 -44.385 -30.149 -11.764 -34.732 9.214 -35.101 44.457 -36.623 -32.934 -26.948 -16.41 -25.518 15.199 -27.362 32.432 -30.516 0.564 6.802 -11.106 6.887 11.626 6.714 2.108 20.261 3.293 30.283 0.287 54.157
lfpw/trainset/image_0112.png 101 160 164 164 0 18 -36.388 -39.267 40.121 -39.34 -32.282 30.957 36.984 29.67 -64.597 -46.401 -20.525 -57.782 21.661 -60.983 66.563 -53.146 -47.711 -38.405 -23.008 -37.732 28.07 -37.005 49.825 -39.204 -0.487 2.36 -14.572 6.696 17.983 6.812 0.962 25.815 0.697 47.115 5.973 87.38
lfpw/trainset/image_0114.png 296 630 382 382 0 18 -78.81 -96.271 89.985 -117.708 -54.181 63.131 118.278 36.246 -147.27 -108.544 -35.152 -137.794 15.968 -144.735 148.946 -142.877 -106.263 -94.085 -50.365 -94.793 59.647 -109.368 117.395 -118.486 8.437 12.245 -29.231 1.281 58.57 -9.261 28.312 49.166 41.831 110.712 58.958 210.013
lfpw/trainset/image_0115.png 206 101 110 110 0 18 -23.144 -29.686 27.557 -25.827 -23.614 21.986 19.948 23.912 -42.935 -40.581 -2.226 -41.897 13.045 -41.311 43.961 -36.665 -33.959 -29.431 -13.839 -26.796 16.235 -24.487 33.104 -23.507 7.123 -3.312 -8.141 0.36 13.193 2.864 1.845 17.508 1.692 31.047 -3.811 60.17
lfpw/trainset/image_0116.png 144 127 130 130 0 18 -25.526 -37.883 26.958 -33.762 -35.726 12.076 25.931 18.526 -50.908 -38.66 -10.317 -47.881 8.552 -45.143 52.519 -33.212 -34.971 -38.016 -16.649 -35.265 16.858 -32.659 37.674 -31.839 -0.772 4.032 -15.927 1.803 11.325 4.548 -3.732 19.079 -5.096 41.907 -9.658 71.499
lfpw/trainset/image_0117.png 182 69 120 120 0 18 -25.144 -28.718 27.087 -28.987 -21.335 30.96 20.256 28.693 -44.962 -42.807 -10.971 -44.004 4.682 -45.533 46.842 -40.512 -34.884 -27.846 -14.866 -26.429 15.813 -28.08 36.903 -28.429 -4.785 -10.163 -14.202 2.791 10.472 3.178 -2.627 19.208 -1.89 34.843 4.649 66.695
lfpw/trainset/image_0118.png 34 117 106 106 0 18 -26.91 -30.757 20.077 -25.574 -27.396 20.064 10.015 26.951 -40.197 -41.568 -11.784 -39.649 1.855 -38.85 40.972 -34.736 -34.739 -30.649 -17.413 -28.636 9.22 -24.033 28.589 -25.909 -12.609 -2.908 -20.892 -0.406 0.669 3.812 -12.11 15.071 -12.33 38.755 -13.65 59.866
lfpw/trainset/image_0119.png 81 130 162 162 0 18 -43.063 -44.722 33.575 -41.74 -33.571 39.669 8.026 44.311 -63.753 -62.102 -13.591 -53.313 10.297 -59.133 64.164 -59.713 -57.255 -45.747 -26.526 -43.573 19.952 -39.159 47.706 -41.366 -6.735 -0.8 -22.84 4.301 9.352 8.099 -15.053 34.373 -15.391 57.444 -17.725 88.542
lfpw/trainset/image_0120.png 162 93 164 164 0 18 -34.07 -25.547 36.981 -39.847 -5.939 44.939 44.277 35.972 -68.519 -28.818 -18.042 -54.624 6.238 -56.603 70.106 -57.536 -47.268 -22.823 -22.153 -26.323 23.985 -35.59 49.019 -41.078 10.478 -7.953 -2.525 8.333 25.572 3.862 14.759 27.856 19.354 43.694 27.513 85.845
lfpw/trainset/image_0121.png 91 99 262 262 0 18 -35.373 -48.667 62.338 -62.285 -17.3 66.048 93.65 48.439 -92.729 -70.058 -13.167 -95.567 39.59 -102.504 79.641 -108.587 -60.604 -41.693 -11.935 -47.328 41.964 -57.358 78.152 -61.016 57.52 -16.454 23.912 7.667 68.322 0.705 50.262 24.239 70.565 97.662 69.755 153.692
lfpw/trainset/image_0123.png 160 202 268 268 0 18 -59.594 -61.007 57.465 -60.926 -44.866 71.726 42.85 72.809 -107.532 -91.614 -28.042 -88.048 15.563 -89.703 108.392 -99.142 -83.018 -62.246 -36.482 -54.78 34.468 -54.923 82.015 -60.088 -7.62 19.161 -30.473 22.299 22.022 25.998 -7.155 62.845 -6.254 99.852 -2.162 143.794
lfpw/trainset/image_0125.png 180 67 132 132 0 18 -25.467 -29.183 33.698 -27.776 -29.04 34.4 27.064 36.68 -52.208 -38.913 -1.265 -44.848 12.712 -48.882 52.367 -38.343 -37.1 -30.014 -12.136 -26.021 22.723 -26.131 42.113 -26.492 8.889 2.333 -7.985 7.761 21.031 8.0 5.035 24.208 5.408 39.294 3.652 72.025
lfpw/trainset/image_0127.png 179 69 104 104 0 18 -23.254 -25.292 23.705 -24.447 -21.804 26.394 23.849 24.278 -42.038 -35.908 -8.648 -37.909 8.214 -34.6 42.686 -34.607 -31.097 -26.08 -14.627 -22.401 14.104 -23.394 31.97 -23.455 -2.833 -5.349 -12.015 -1.627 8.482 -1.37 -2.509 12.353 -1.758 35.145 -2.868 54.561
lfpw/trainset/image_0128.png 237 27 134 134 0 18 -29.544 -33.921 31.615 -31.744 -15.288 30.021 21.75 31.258 -54.669 -47.394 -6.656 -48.248 11.78 -47.472 56.566 -46.494 -40.074 -32.26 -18.336 -31.619 22.092 -30.142 41.504 -31.115 3.703 1.977 -9.719 8.954 13.755 10.082 2.578 15.77 2.854 42.576 0.976 71.516
lfpw/trainset/image_0130.png 126 260 250 250 0 18 -44.184 -51.314 65.559 -56.004 -22.426 71.371 65.745 63.942 -93.693 -73.89 -5.711 -85.84 34.293 -86.582 94.192 -96.847 -67.812 -48.007 -19.963 -49.477 42.319 -53.685 82.341 -52.28 36.458 -10.672 9.958 14.345 46.242 12.487 29.944 40.349 27.595 87.74 23.382 140.712