 102 112 145 110 106 154 146 152 86 108 111 103 134 102 158 104 91 115 112 113 134 112 156 112 127 135 111 137 139 135 127 151 128 159 130 184
 103 110 148 118 105 168 141 172 89 97 124 101 144 105 163 110 90 110 116 112 138 115 157 121 144 137 118 144 143 147 133 164 130 176 126 202
 103 112 151 106 110 164 156 157 85 103 105 100 130 95 163 93 91 117 111 112 136 108 162 106 114 136 109 142 136 139 126 157 130 177 135 206
 107 115 148 117 106 157 142 159 93 107 116 102 138 104 162 112 96 118 115 116 138 117 158 122 126 129 113 135 137 137 124 148 123 171 123 194
 105 115 141 111 112 163 148 159 90 111 113 102 131 101 156 103 96 118 115 115 133 112 153 112 125 133 116 140 137 137 128 153 131 179 133 200
 103 112 144 108 107 155 149 151 86 105 111 104 132 102 159 98 93 113 114 112 134 111 157 107 120 137 113 138 137 136 126 152 127 159 129 180
 107 112 151 113 104 157 143 159 90 104 115 104 137 103 164 106 95 113 115 112 137 113 159 115 124 132 113 137 137 141 124 154 123 164 122 190
 106 109 159 118 97 167 142 176 93 98 121 100 148 103 180 117 95 109 119 112 146 116 173 124 121 134 110 143 136 149 118 165 114 177 110 210
 97 114 136 108 105 155 147 151 87 108 105 104 125 101 150 99 91 118 109 114 128 111 150 110 113 133 107 136 131 134 121 149 124 161 126 180
 101 114 145 113 104 157 144 157 87 110 113 107 135 107 160 108 90 117 112 115 135 114 157 115 126 133 111 139 137 137 126 154 126 169 126 193
 104 112 143 112 108 152 142 152 88 103 112 103 136 103 160 103 93 114 114 115 134 114 155 112 123 137 114 139 133 139 125 150 126 163 126 183
 97 109 145 113 107 161 141 163 82 94 112 94 137 97 166 103 86 109 111 111 135 113 161 116 126 129 112 138 137 140 125 152 125 162 124 190
 107 117 148 111 118 165 149 161 91 111 112 111 133 106 159 101 97 118 115 117 136 113 157 110 125 143 118 147 140 145 131 161 134 171 137 191
 105 111 148 113 103 156 143 159 90 103 120 104 139 106 162 106 93 111 116 113 137 114 159 114 132 136 116 137 140 139 128 154 127 167 124 192
 110 118 146 111 116 158 145 154 97 115 115 104 130 101 156 103 101 123 118 117 135 114 156 112 122 129 118 138 136 135 128 150 130 161 132 180
 109 115 145 115 107 153 141 155 95 112 118 108 134 107 158 111 100 117 116 115 136 115 154 117 122 134 112 137 134 138 123 148 122 165 122 186
 101 109 151 112 99 151 145 153 84 99 113 102 140 103 167 103 87 111 113 112 139 113 164 114 125 131 111 136 138 137 124 147 123 162 122 182
 100 116 141 109 114 156 156 150 88 108 112 105 133 102 161 97 93 117 115 117 135 113 158 108 125 137 117 142 139 139 132 152 135 166 139 186
 105 113 148 107 106 154 149 149 86 110 115 106 137 102 158 98 91 116 115 113 136 110 156 107 135 136 117 139 142 136 131 151 133 164 135 184
 106 111 147 108 107 158 143 154 88 106 113 105 131 103 159 100 93 113 114 112 134 110 156 108 122 133 113 138 134 137 124 152 125 167 126 187
 105 107 144 117 100 151 134 161 94 97 120 103 139 107 158 115 94 107 115 111 135 116 154 124 127 129 112 135 131 141 120 149 117 160 114 178
 104 112 147 110 112 164 144 162 87 104 110 103 135 101 162 99 94 114 114 114 136 111 159 110 122 136 115 144 135 142 125 156 127 174 129 192
 106 113 146 117 103 158 139 163 96 101 117 105 138 107 164 112 98 112 117 116 138 118 159 121 115 142 108 141 132 145 118 160 116 169 116 188
 94 116 144 111 106 166 146 163 80 111 109 103 133 102 162 104 83 121 108 115 134 113 158 115 126 126 113 137 138 136 128 151 130 179 133 202
 106 116 143 111 113 159 144 155 90 110 111 105 130 103 157 102 95 119 115 116 133 113 155 111 119 131 115 140 134 137 125 151 127 161 130 182
 110 114 147 114 111 155 142 155 94 110 114 107 134 106 158 108 98 117 117 116 135 115 155 115 123 133 113 138 135 137 125 149 126 166 127 183
 107 111 147 118 103 148 137 155 99 99 121 102 142 106 163 113 100 109 119 114 138 118 157 120 127 139 114 137 135 142 122 154 119 159 116 177
 95 113 134 106 106 159 138 153 80 109 100 102 119 99 144 97 87 117 104 112 124 109 143 106 112 131 106 139 127 135 119 151 122 163 128 182
 101 111 148 115 107 160 140 164 88 100 114 98 140 101 163 109 90 113 112 113 138 115 159 121 127 128 115 139 134 142 124 152 124 169 123 188
 101 112 143 113 107 161 140 160 91 101 115 100 138 101 158 104 91 113 114 114 135 113 155 115 130 136 115 142 136 143 126 156 126 168 126 188
 104 114 146 120 103 156 138 162 94 103 119 105 139 109 160 115 95 115 115 115 137 118 155 124 130 131 113 136 136 141 124 152 122 168 119 189
 105 112 142 110 109 157 141 156 93 106 110 103 129 102 154 104 97 115 114 113 132 112 153 113 115 134 110 137 131 137 121 151 123 167 125 183
 101 113 147 114 104 158 144 159 86 104 114 101 136 101 163 106 91 116 113 115 136 115 160 118 125 131 113 140 137 140 125 152 125 162 126 186
 101 113 148 107 105 163 144 162 85 105 110 99 134 95 165 98 89 118 111 115 136 111 162 110 120 129 111 143 135 140 122 155 122 175 124 198
 106 109 149 114 101 153 142 158 94 98 115 100 137 103 164 108 97 108 116 112 137 114 161 117 121 138 110 139 135 142 121 157 119 167 118 186
 105 110 145 113 104 152 140 154 93 102 116 103 134 105 157 107 96 111 114 112 134 114 155 116 122 130 111 133 134 135 122 148 121 164 121 187
 105 109 146 113 103 150 140 152 89 97 115 98 137 100 161 104 93 109 114 112 135 114 156 115 125 132 112 135 134 137 123 148 123 159 121 179
 104 109 142 121 98 151 130 161 96 95 122 104 140 110 161 119 95 107 117 114 135 120 154 127 126 129 111 134 130 141 119 148 114 167 108 184
 105 109 148 118 99 150 145 159 97 97 118 103 142 108 169 114 97 107 118 113 139 117 164 122 119 133 110 135 135 140 120 151 117 172 114 193
 103 112 148 106 109 155 152 148 84 106 110 98 134 96 161 95 91 116 113 111 136 109 160 106 131 131 114 135 144 132 132 146 135 164 138 186
 106 111 145 111 115 160 144 161 96 104 121 101 140 102 160 102 100 112 119 112 138 111 157 112 133 135 119 138 140 139 130 156 131 171 131 192
 101 103 150 114 97 152 136 162 89 87 115 96 140 100 170 107 90 101 113 108 139 112 164 119 116 135 103 134 135 141 115 152 111 170 108 190
 103 108 145 118 95 154 133 165 94 97 118 102 135 105 165 115 95 107 114 113 135 117 158 123 113 137 104 138 129 144 113 157 109 168 105 188
 99 115 148 108 109 171 150 166 82 113 109 104 131 100 159 102 86 120 110 114 134 110 159 110 129 135 114 145 140 143 131 162 133 177 137 203
 107 109 147 111 109 158 139 158 93 98 120 99 139 101 160 104 94 110 118 110 136 111 156 114 131 134 116 140 137 140 127 154 126 167 124 182
 99 112 145 110 107 163 142 163 87 102 109 104 133 101 164 101 91 111 112 113 136 111 160 111 112 139 108 144 133 143 119 160 119 168 122 189
 103 107 146 109 108 160 143 162 92 99 117 103 139 104 163 103 94 108 117 110 137 110 159 110 127 135 114 139 137 140 126 155 126 168 126 190
 101 109 147 108 108 164 150 160 87 102 113 98 136 97 161 100 91 114 113 111 136 109 159 111 132 132 115 140 142 138 131 154 132 175 134 197
 106 108 150 112 101 150 150 153 91 98 120 101 138 102 165 103 95 109 119 111 136 113 161 113 129 140 113 137 140 139 127 152 126 164 126 183
 113 111 150 118 109 155 140 160 103 102 125 104 142 108 162 117 103 111 122 114 139 117 158 123 131 130 118 137 136 141 127 153 124 163 122 182
 103 110 148 111 102 160 142 161 86 103 113 101 136 102 164 106 91 114 114 113 136 113 160 116 123 131 112 141 133 142 123 155 121 165 121 190
 112 112 148 114 111 149 148 149 100 102 127 102 145 104 163 105 103 113 124 113 142 113 159 115 143 133 125 135 146 137 136 146 136 162 135 182
 106 115 144 119 107 157 135 161 97 105 121 103 136 105 159 114 100 115 117 116 136 117 154 122 126 131 115 138 133 140 123 151 120 163 118 184
 103 115 143 110 111 156 146 152 88 111 114 104 133 101 154 100 93 119 114 115 134 111 152 111 135 133 118 138 140 136 132 151 135 159 136 181
 100 109 149 109 98 154 147 152 86 102 115 100 140 102 165 103 90 111 114 111 138 111 161 111 131 143 110 139 143 139 126 153 127 166 125 190
 105 107 148 113 103 153 139 158 93 94 117 99 140 102 162 106 93 106 115 109 138 112 159 115 127 131 111 134 138 137 124 150 121 166 118 182
 103 110 140 110 107 147 138 149 92 102 114 99 131 98 153 103 96 112 112 110 133 109 150 111 121 126 111 131 133 131 122 143 122 156 124 175
 102 110 147 110 105 162 144 161 86 102 114 102 136 102 159 103 91 112 112 111 135 111 157 111 131 140 112 143 141 143 128 160 128 165 129 186
 103 103 152 101 109 156 148 154 83 93 116 94 139 93 169 88 89 103 116 105 140 103 166 102 132 134 118 136 142 137 130 152 131 165 132 188
 103 114 148 109 110 163 149 160 86 106 109 106 132 102 158 97 90 117 111 114 135 111 158 108 122 134 113 141 137 139 127 157 130 171 133 188
 106 116 143 111 108 152 148 148 91 113 114 108 133 105 155 104 95 119 115 116 133 113 153 112 128 133 117 137 137 134 128 148 131 166 133 185
 106 109 149 114 104 149 146 154 94 97 120 100 143 103 167 108 97 109 118 112 141 115 162 118 129 140 113 138 140 141 126 151 125 166 124 186
 104 107 142 116 99 148 131 156 97 93 120 101 138 106 158 110 96 105 115 111 134 115 153 119 124 133 112 135 129 140 118 149 114 162 110 177
 108 117 147 111 119 163 150 157 88 108 115 104 136 100 160 94 96 118 117 118 136 114 157 108 132 136 122 144 142 141 134 154 136 170 140 184
 101 113 142 112 105 164 137 163 86 109 106 106 128 104 154 106 90 115 110 115 130 114 151 113 113 140 106 144 129 144 118 161 119 175 121 196
 102 109 143 115 101 148 140 153 91 100 117 104 138 107 163 112 93 108 114 114 136 116 157 118 122 137 111 136 132 139 121 148 118 167 116 185
 103 115 146 115 105 158 145 157 87 109 116 108 135 108 162 109 92 116 113 116 136 116 158 117 127 139 113 141 138 141 127 156 127 170 126 191
 111 112 147 117 104 156 138 161 100 100 122 103 141 105 160 112 100 112 120 114 138 117 156 120 129 132 115 135 137 140 125 150 121 174 120 191
 102 119 143 112 115 161 150 154 85 114 111 106 130 102 156 102 91 122 113 118 134 113 154 111 128 134 117 143 139 138 133 154 136 162 140 186
 106 116 144 110 112 159 144 153 91 109 113 104 133 102 152 99 95 119 115 116 133 113 152 110 132 140 117 142 139 138 131 154 133 164 134 179
 102 118 145 108 113 168 146 163 86 114 107 108 127 102 157 97 92 121 110 116 134 110 156 107 117 136 114 144 135 140 125 160 129 176 134 198
 102 112 145 113 107 162 144 162 89 103 112 105 134 105 162 104 92 113 114 113 134 114 159 115 122 140 111 143 136 145 124 159 125 173 127 189
 104 110 145 110 105 155 141 155 88 98 116 98 137 98 159 98 92 110 115 111 134 111 156 111 132 131 117 137 138 138 129 149 128 168 127 187
 112 117 151 113 115 159 156 156 97 109 122 105 141 104 162 102 102 119 122 116 142 114 161 113 141 138 124 141 148 140 139 154 142 174 143 195
 106 112 149 113 108 162 141 165 93 101 118 100 139 102 161 105 95 113 116 114 138 114 159 116 133 135 115 139 140 143 128 156 126 176 126 193
 105 115 152 108 114 168 148 164 83 108 107 104 133 100 162 96 90 119 112 115 137 112 160 107 124 136 114 144 140 142 129 162 132 178 136 196
 108 112 148 113 100 153 142 155 92 105 116 103 137 104 156 106 93 114 116 113 134 114 155 115 131 136 113 137 138 138 125 151 123 168 121 185
 101 112 147 110 107 162 148 160 87 105 112 102 137 102 166 104 93 114 113 112 138 112 162 112 123 139 112 142 139 142 126 157 127 171 128 196
 106 111 146 109 110 159 145 158 93 105 117 101 138 101 158 103 96 115 116 112 136 111 155 112 134 134 116 138 141 137 130 153 131 167 131 189
 104 112 148 116 104 157 137 159 89 102 118 104 135 106 163 110 92 113 113 113 137 115 158 120 124 132 112 137 134 140 122 151 120 162 118 184
 108 111 149 107 112 160 148 157 92 107 120 104 138 103 161 101 95 113 118 110 137 108 158 107 136 135 120 139 143 138 134 153 135 165 136 192
 101 115 144 110 111 169 147 162 85 108 114 106 135 103 159 100 90 118 114 116 133 112 155 110 131 141 118 148 139 144 131 161 133 171 134 196
 102 112 145 107 103 148 147 144 84 109 111 105 132 103 157 101 90 115 112 112 134 110 155 107 128 130 112 132 140 129 128 143 129 156 131 180
 102 114 144 111 111 160 144 158 88 106 112 103 133 101 158 101 92 117 112 114 136 112 155 113 124 134 114 140 136 139 127 154 127 168 130 188
 106 107 149 116 97 150 138 159 93 98 122 103 145 108 168 114 95 107 117 111 141 115 161 120 129 139 111 136 138 142 122 154 117 170 113 192
 105 110 147 117 99 151 142 157 93 100 119 103 139 107 165 113 95 109 116 113 137 116 160 120 122 138 109 135 136 139 120 151 117 166 115 188
 98 108 143 105 105 156 147 154 85 99 111 96 133 93 161 95 90 110 111 109 134 107 158 106 122 131 110 137 136 135 125 150 127 165 129 189
 106 116 141 115 109 156 141 155 95 108 112 106 131 106 154 104 98 117 115 117 132 115 152 113 121 130 112 134 134 134 123 146 124 164 125 182
 102 113 143 110 108 161 143 159 88 106 117 105 136 104 160 102 92 114 113 114 135 111 156 110 131 138 115 141 140 140 129 155 130 171 130 193
 104 119 141 114 112 159 142 156 92 114 115 107 133 105 154 106 96 123 114 118 133 115 152 116 127 132 116 139 137 137 128 152 129 162 130 182
 107 108 147 113 108 153 137 157 97 96 122 101 138 103 163 106 99 108 118 110 138 113 159 116 127 129 115 134 135 137 124 149 122 162 121 180
 109 108 144 112 107 140 139 145 98 102 121 99 137 102 159 111 102 108 118 108 137 111 153 116 127 123 114 125 136 128 124 136 123 153 122 171
 100 112 144 109 110 160 146 157 86 104 113 101 134 100 159 99 90 115 113 113 134 110 155 110 129 131 116 140 138 138 129 152 131 160 133 184
 111 106 150 114 105 144 145 152 99 93 122 99 143 102 166 107 100 106 121 110 140 114 162 117 127 132 114 132 139 138 125 145 123 164 119 183
 110 112 144 117 107 153 135 158 97 101 117 102 136 106 156 110 100 111 117 114 133 117 152 118 124 134 112 137 133 140 122 150 121 164 121 180
 109 110 148 114 103 151 141 154 90 99 115 105 136 107 164 107 93 109 116 114 136 116 159 116 123 138 112 139 132 141 122 151 121 165 119 182
 102 109 151 114 103 159 142 162 88 99 116 102 141 104 169 108 90 111 115 111 139 114 165 118 126 137 112 139 137 142 123 156 122 169 120 189
 104 113 148 110 109 164 144 163 87 103 110 103 131 100 164 99 93 116 113 114 136 112 160 111 117 134 113 143 133 141 122 156 123 173 126 194
 103 116 146 108 110 159 155 152 83 110 111 103 134 99 162 96 91 121 114 116 135 112 159 108 128 136 116 143 141 138 132 153 135 167 139 190
 103 109 144 110 108 157 137 159 88 103 115 102 133 102 160 104 92 112 113 111 134 110 155 113 123 134 111 138 134 140 123 154 122 168 122 188
 102 116 148 107 117 170 157 161 82 116 112 110 132 105 161 98 91 121 113 116 135 110 158 106 131 139 118 148 145 141 136 161 140 171 145 192
 103 109 152 112 108 163 145 166 89 103 116 104 139 105 169 107 93 111 117 112 139 113 165 116 124 140 114 144 138 146 126 162 125 175 126 197
 103 114 148 111 111 162 142 161 89 107 111 103 134 101 162 103 93 117 113 114 136 112 158 113 118 134 112 142 135 140 124 157 124 168 126 191
 101 114 141 113 111 156 143 154 87 107 115 103 135 103 157 106 92 115 112 114 134 114 153 116 130 134 116 139 136 138 128 149 130 162 131 180
 106 112 148 114 105 156 141 159 91 106 121 104 140 106 162 110 96 114 117 114 138 115 157 117 135 138 116 141 139 143 129 157 127 165 125 187
 110 109 148 112 108 149 142 155 98 104 121 105 138 105 161 108 101 111 120 112 138 112 158 115 122 131 115 135 135 137 124 150 122 157 124 175
 105 113 145 108 109 154 144 152 91 102 117 102 138 100 157 94 94 113 115 112 136 110 156 107 134 137 118 139 140 137 130 151 130 163 130 179
 102 108 150 113 100 153 143 157 87 99 113 102 139 106 165 110 91 108 113 111 138 114 160 116 123 134 109 136 135 139 121 155 120 171 118 192
 107 113 152 111 109 158 154 155 91 105 120 104 142 103 167 100 95 116 119 115 141 113 165 111 137 134 120 140 147 137 135 150 136 170 136 190
 98 105 144 113 97 154 135 161 87 92 113 95 136 98 163 108 89 106 112 108 134 112 158 118 121 133 105 136 132 141 117 153 115 165 112 186
 103 111 146 113 108 157 142 158 89 104 116 101 137 102 161 108 92 114 115 113 136 113 158 117 128 128 115 136 136 137 126 149 127 163 127 187
 102 112 149 113 101 152 147 155 86 101 116 103 141 104 166 102 89 112 113 114 140 115 163 113 127 139 113 142 138 142 126 154 126 170 124 191
 106 113 147 112 107 160 144 160 92 107 117 108 136 108 162 106 96 114 116 114 136 115 160 114 127 143 114 142 139 143 127 160 127 169 127 190
 106 113 143 116 103 156 140 158 91 99 117 98 135 100 158 106 95 113 115 114 134 116 153 118 125 132 111 137 135 139 123 151 122 166 120 183
 104 112 143 114 107 159 141 160 90 104 108 106 129 105 156 107 94 113 110 113 132 113 153 115 111 138 106 140 130 142 118 157 120 174 123 191
 103 112 149 115 108 167 146 169 92 98 115 104 143 104 168 103 96 112 117 115 140 115 164 116 123 138 114 144 138 146 125 162 124 177 125 199
 108 118 146 113 109 159 144 157 95 110 113 105 132 101 158 103 98 121 115 117 135 114 155 114 119 130 113 140 135 138 123 152 123 164 125 187
 101 110 147 111 104 163 145 164 87 101 115 100 138 101 162 103 91 112 114 112 136 113 159 113 129 139 115 142 139 144 128 162 128 172 126 197
 102 110 145 110 104 150 148 150 86 99 112 98 136 98 163 99 90 111 113 112 136 112 160 111 125 132 113 136 136 135 126 146 127 164 127 183
 100 110 143 113 97 151 145 153 86 101 113 103 137 105 159 107 88 111 113 112 134 114 156 115 128 138 110 138 137 139 124 151 123 167 123 188
 108 116 147 117 111 159 142 157 93 106 117 107 136 106 159 107 98 118 116 117 136 117 155 118 126 139 115 143 139 142 127 156 125 167 126 183
 104 110 146 112 104 161 139 164 88 100 111 101 133 102 160 104 91 111 112 111 134 112 157 114 118 137 108 141 132 143 120 158 119 173 120 193
 107 110 147 115 108 158 140 160 96 96 119 98 138 100 163 106 98 110 118 112 138 114 159 116 125 130 113 135 136 139 124 152 122 165 120 188
 104 113 148 112 108 159 143 157 88 103 115 101 135 99 165 101 92 115 114 114 138 113 161 113 123 131 114 139 135 139 125 150 125 169 126 190
 103 112 142 108 110 160 144 156 90 110 114 101 131 98 154 101 94 116 114 112 132 109 151 109 128 131 114 138 137 136 129 152 130 165 132 185
 104 115 146 114 112 161 143 160 91 108 115 107 138 107 160 106 94 116 115 115 137 114 157 115 130 135 118 141 138 141 129 155 129 167 130 190
 104 109 148 109 105 152 148 153 90 101 116 96 137 96 162 102 94 111 114 109 138 109 159 111 129 131 112 134 142 134 128 144 129 165 130 188
 106 112 151 114 108 163 139 165 93 101 115 100 136 100 165 106 96 114 117 113 138 113 162 116 118 131 111 139 134 142 121 157 120 169 119 192
 104 108 147 120 101 156 137 166 94 99 122 103 141 109 164 118 94 109 116 112 138 118 159 125 129 130 111 135 136 143 122 152 119 169 115 191
 104 119 140 112 111 164 140 158 89 114 103 109 123 103 148 100 95 122 109 118 128 114 148 111 111 135 111 144 129 141 120 157 124 167 128 186
 101 113 148 111 106 159 151 158 86 102 114 101 137 99 167 100 90 114 115 114 137 112 164 112 123 131 113 139 138 138 126 150 127 169 129 193
 107 110 149 107 113 155 150 152 93 105 113 102 132 100 156 98 96 113 116 110 135 109 158 108 125 137 114 136 140 135 129 151 132 169 134 184
 103 114 148 115 105 154 146 157 93 102 117 105 139 107 166 107 94 113 117 115 140 116 163 117 123 136 113 140 139 140 125 154 123 160 123 183
 104 113 145 109 109 155 143 153 88 108 113 104 131 102 154 100 93 115 113 112 132 109 152 108 126 139 113 138 137 137 127 153 128 161 130 178
 102 113 147 109 112 161 149 157 84 105 112 104 133 101 161 98 91 116 114 114 136 112 159 109 126 134 114 140 139 138 129 153 131 172 133 187
 100 115 148 105 105 159 154 148 79 112 109 106 133 100 159 91 85 119 110 115 135 109 158 103 130 137 115 143 141 136 132 151 136 172 139 192
 102 109 146 108 106 155 145 155 86 97 112 97 135 95 164 96 92 110 114 112 136 111 159 109 123 134 111 139 137 139 125 150 125 166 125 184
 101 110 151 113 102 161 149 163 83 99 116 97 142 99 170 103 87 112 114 113 140 114 166 117 132 133 114 139 142 140 129 152 129 175 128 197
 107 115 147 112 115 163 148 160 92 111 116 108 137 107 161 107 97 118 117 116 138 114 158 114 129 134 119 141 139 140 131 157 132 168 135 191
 107 109 151 111 98 152 146 154 87 100 118 101 139 102 163 103 92 111 116 111 137 112 159 113 131 134 114 137 139 138 126 149 126 168 124 188
 106 110 143 108 113 150 141 147 94 101 117 99 135 99 155 100 97 110 116 110 135 108 153 111 130 124 118 131 136 130 128 142 129 156 129 179
 103 112 145 101 114 156 150 150 87 105 110 102 129 97 156 88 93 114 113 110 133 105 155 98 125 135 117 139 140 134 131 152 134 165 138 183
 100 112 144 109 111 153 151 150 86 108 112 103 137 101 162 101 91 115 114 113 137 112 160 110 132 128 119 137 141 136 132 148 135 159 136 183
 104 113 148 113 105 158 149 158 90 103 117 105 136 105 162 105 93 113 116 115 136 115 159 115 127 134 115 141 138 141 128 154 128 169 130 192
 101 110 143 107 108 158 144 154 85 106 110 104 129 101 154 99 90 113 110 111 131 109 152 108 122 135 112 139 135 137 125 154 127 162 129 183
 104 115 145 111 112 156 145 152 91 106 115 106 137 105 158 99 95 115 116 116 137 113 156 109 132 143 117 142 142 139 131 155 132 165 133 178
 105 108 145 112 104 144 140 148 89 98 115 97 138 99 164 105 93 108 115 110 136 113 158 115 122 127 112 131 132 134 122 142 121 154 119 174
 106 117 148 113 109 159 152 156 91 110 115 105 136 102 160 104 95 120 117 117 136 114 159 114 129 140 114 141 141 140 130 154 131 167 133 188
 102 117 143 116 108 162 143 161 88 110 115 106 134 106 161 109 94 119 113 117 135 116 156 118 124 132 114 141 135 140 125 155 125 169 126 189
 101 112 146 110 102 157 146 154 84 105 110 103 133 102 159 103 87 115 111 114 134 112 157 112 123 136 110 139 136 138 124 152 125 173 126 196
 107 119 143 120 108 152 144 153 98 116 118 114 137 114 156 117 100 122 118 121 136 121 154 122 127 139 116 138 136 139 126 151 127 159 128 178
 100 116 147 110 111 163 144 159 87 111 113 102 132 99 161 102 92 120 112 114 136 112 159 112 122 129 114 140 137 137 126 152 127 164 129 191
 101 113 146 107 111 160 150 155 81 104 107 103 131 99 161 92 87 115 111 114 134 111 158 105 124 142 113 144 137 142 128 157 131 171 137 193
 107 112 148 110 110 160 141 158 89 102 116 103 138 102 160 99 94 113 116 112 136 111 157 110 130 136 117 142 137 141 127 156 127 169 127 183
 105 110 144 112 106 160 140 162 92 101 116 105 135 105 161 107 96 110 116 112 134 112 156 114 122 139 111 140 134 142 122 158 122 173 121 194
 106 111 150 115 103 160 138 165 93 103 117 105 138 106 163 111 94 113 116 113 137 115 161 119 121 137 112 141 131 144 120 157 119 173 117 189
 98 111 144 105 109 155 148 152 85 105 108 103 132 99 155 95 89 115 110 111 132 108 156 106 126 133 113 135 137 134 128 150 130 162 132 181
 106 111 139 113 107 152 141 153 96 99 110 104 128 102 154 103 101 110 113 112 131 113 152 114 108 135 108 138 127 139 115 150 116 165 118 181
 104 109 148 110 108 158 144 159 90 99 119 100 138 101 161 103 93 110 115 111 137 111 159 113 134 129 118 138 140 139 130 151 129 166 130 190
 103 109 146 111 105 162 141 164 94 100 122 103 142 104 163 105 95 110 117 110 138 111 159 113 136 140 117 143 140 145 128 162 127 169 124 192
 105 114 150 116 103 158 151 161 91 102 118 105 141 106 168 106 96 115 117 117 140 118 163 118 127 137 115 143 140 143 126 155 126 173 125 193
 102 112 146 110 106 154 145 152 84 108 112 105 132 103 161 103 89 114 112 112 134 111 157 111 125 138 112 140 136 138 125 152 126 161 128 183
 106 113 145 112 114 161 145 161 92 108 116 104 135 103 157 107 95 116 116 114 135 112 155 115 130 133 118 141 137 140 130 155 130 167 131 190
 104 113 145 108 111 163 147 159 89 106 108 103 129 100 157 98 94 117 113 113 134 110 157 109 115 135 112 142 134 140 124 156 126 168 130 191
 100 108 148 113 96 153 146 158 90 94 117 99 142 103 166 106 90 108 115 112 138 114 163 117 125 133 110 136 137 140 123 150 121 170 120 196
 103 115 147 112 104 161 146 159 91 108 115 104 134 102 163 105 94 118 115 117 137 114 161 116 120 134 111 141 137 140 123 154 123 161 124 190
 107 117 143 110 117 158 148 152 93 108 116 105 133 102 155 98 97 117 116 116 135 112 152 108 131 134 119 140 142 136 134 152 136 161 139 176
 104 109 144 113 103 152 149 156 92 100 115 101 137 102 167 107 95 110 116 112 137 113 161 116 117 135 108 136 134 140 121 152 121 168 122 190
 99 113 152 116 100 166 143 169 85 96 113 99 139 100 169 101 90 114 111 115 139 117 163 119 125 131 113 144 134 145 122 161 122 177 120 199
 109 112 144 112 113 159 142 159 98 104 124 103 142 104 155 103 100 114 120 113 138 114 152 114 142 137 124 142 143 143 134 155 134 167 133 184
 107 110 145 115 107 155 138 160 95 102 116 102 136 107 164 112 99 110 116 111 138 115 159 120 118 132 110 133 133 138 121 151 120 170 119 188
 92 119 135 109 99 161 142 154 76 116 98 106 115 99 147 98 81 125 100 118 123 112 145 109 102 134 101 143 125 136 113 152 116 169 120 193
 108 109 148 117 102 150 137 156 91 98 119 105 140 110 166 113 94 107 117 113 138 117 160 120 124 136 112 137 134 141 121 151 118 164 115 181
 105 116 147 107 118 166 148 160 87 113 110 107 129 102 157 96 93 121 114 115 134 111 157 107 124 139 117 145 139 140 130 156 133 175 138 194
 102 117 145 107 108 156 152 146 86 116 109 109 128 102 156 98 91 122 112 116 132 110 155 106 122 133 113 138 138 132 129 148 132 155 136 180
 105 112 148 111 109 159 142 159 89 106 115 103 134 101 164 103 95 114 115 113 138 112 160 112 121 134 115 140 134 140 123 155 123 163 123 187
 106 117 145 111 117 163 151 160 93 109 113 109 131 104 160 99 99 119 117 117 135 113 157 111 119 140 117 147 137 143 128 161 131 170 137 193
 103 115 147 112 112 167 149 166 86 106 113 104 135 101 167 99 93 116 116 116 137 113 163 112 123 141 115 147 140 145 128 160 130 178 133 196
 109 113 147 111 113 149 146 148 92 109 118 105 137 105 160 107 99 115 118 113 137 112 155 113 132 130 118 134 141 133 131 142 132 154 133 177
 102 113 143 117 104 159 135 164 92 106 116 108 136 109 160 113 94 114 114 116 135 117 156 120 121 141 109 143 132 146 119 159 118 173 117 190
 106 112 146 114 109 154 138 157 92 104 117 104 137 105 159 107 96 114 116 115 137 114 155 116 128 135 114 138 135 139 125 152 124 161 124 179
 107 113 151 111 111 167 146 165 93 106 115 102 133 99 165 103 97 117 118 114 138 112 164 114 118 130 113 141 137 140 125 157 126 170 128 198
 110 107 146 117 104 153 132 160 99 98 122 102 140 106 159 115 98 107 118 110 137 116 155 122 129 129 114 135 133 141 122 151 118 162 115 182
 106 112 152 111 102 155 149 154 89 104 117 104 137 104 164 103 93 113 115 114 138 112 161 111 129 136 114 138 141 138 127 154 127 171 127 195
 108 109 147 117 106 154 137 161 97 100 121 104 143 110 163 114 98 109 118 112 139 117 158 122 131 134 115 135 136 140 124 151 122 172 120 189
 106 114 148 107 118 164 150 160 90 111 113 108 132 104 161 97 95 117 116 114 136 110 160 106 123 139 115 143 139 139 130 157 133 178 137 198
 106 113 145 111 108 152 151 151 91 110 116 107 136 105 162 106 96 115 117 114 136 113 158 112 126 138 115 140 139 138 128 150 129 166 130 186
 113 111 159 108 109 153 156 150 91 103 118 106 142 103 170 99 95 114 121 113 143 112 167 109 131 140 118 140 144 139 133 151 134 168 134 187
 101 107 147 117 97 155 138 163 92 97 120 100 140 105 167 117 92 108 116 110 137 116 162 124 125 128 109 133 135 139 120 151 116 167 112 193
 103 112 147 107 108 163 148 158 81 105 111 101 135 99 159 96 88 115 112 113 135 109 157 107 132 135 117 143 139 139 131 158 133 173 134 194
 98 112 150 114 97 159 149 160 85 99 112 99 139 98 169 105 86 114 112 114 138 114 166 117 120 132 106 139 137 140 121 152 120 173 120 196
 102 113 147 110 107 164 144 162 86 108 113 103 133 101 162 102 91 117 114 113 135 111 160 112 123 134 111 141 137 139 125 153 126 179 128 199
 103 117 145 111 109 160 150 155 90 114 115 108 133 105 154 102 95 123 115 116 134 113 154 112 132 134 118 142 141 138 132 155 134 168 136 189
 98 110 147 110 105 160 146 159 83 105 112 100 135 99 161 104 86 115 111 112 136 112 159 113 130 131 114 139 139 139 128 155 128 165 129 191
 102 117 144 108 113 163 150 154 83 110 111 103 132 99 157 94 90 121 112 116 134 111 155 107 130 139 115 144 142 138 133 154 136 171 140 189
 107 110 145 111 106 158 143 159 95 98 120 98 140 99 160 101 97 111 118 112 137 112 156 113 134 139 116 140 141 142 129 157 128 170 126 189
 104 108 149 115 102 151 142 158 88 99 112 105 136 107 165 111 91 108 113 112 136 115 161 118 118 141 107 138 134 142 120 155 119 163 119 185
 105 112 147 110 110 161 143 159 90 104 113 101 135 99 162 100 94 115 114 112 136 111 158 112 121 128 113 138 134 137 123 153 124 171 127 192
 104 109 141 112 105 151 140 155 92 102 114 107 134 108 157 107 96 109 114 112 132 112 154 113 120 135 112 136 131 137 121 152 121 167 121 182
 103 111 148 118 99 151 138 158 90 101 118 101 139 104 164 113 93 112 113 114 137 118 157 122 124 137 108 137 135 141 121 154 119 165 116 189
 104 114 148 108 113 160 149 156 88 109 111 105 133 101 162 98 94 117 114 115 136 111 161 109 122 136 114 141 139 139 127 155 129 161 132 181
 103 116 144 106 116 162 152 153 85 110 113 105 131 100 156 93 93 119 114 114 135 110 156 105 131 134 119 141 143 136 134 154 138 170 143 186
 102 113 144 111 108 164 139 161 85 105 110 103 135 102 157 101 90 116 110 114 134 112 154 112 126 136 112 142 137 140 125 157 125 171 126 191
 103 114 145 114 106 160 140 160 87 107 114 108 134 107 162 107 92 114 113 115 135 115 158 114 123 139 112 141 135 141 123 156 124 171 124 193
 104 112 142 109 112 157 143 152 89 106 112 104 131 103 153 100 94 113 113 112 133 111 152 109 130 134 116 137 138 136 129 152 130 163 131 181
 105 115 142 114 115 158 145 156 91 106 115 103 133 104 154 105 96 117 115 115 133 114 152 115 131 128 118 138 139 137 132 150 133 162 135 181
 104 112 146 113 102 155 144 155 93 107 116 105 136 105 160 109 96 114 117 114 135 114 157 115 125 137 111 137 136 138 124 152 123 166 123 191
 103 109 144 110 108 156 139 157 93 98 117 103 136 104 161 100 95 108 115 110 135 110 157 110 126 132 115 137 137 139 126 154 124 162 124 183
 97 111 149 113 103 166 143 168 83 101 114 103 139 104 167 107 87 113 112 113 139 114 163 115 126 136 110 142 139 143 125 160 123 173 122 195
 110 114 149 107 119 155 153 152 91 107 111 106 135 100 161 94 98 117 117 115 138 111 159 106 124 137 120 141 138 139 131 152 134 165 139 182
 101 116 149 111 107 172 148 168 89 110 110 105 134 101 167 103 94 121 112 116 138 113 164 113 111 140 109 147 135 146 120 165 121 179 122 206
 106 111 147 113 107 156 143 158 93 104 119 101 139 102 160 108 95 114 118 113 137 113 156 117 135 134 116 137 141 139 130 151 129 165 128 188
 105 110 145 108 109 151 144 149 91 103 114 105 134 103 158 99 94 112 115 113 135 112 154 108 127 139 115 139 138 137 127 151 128 156 128 177
 103 115 143 105 115 160 150 151 85 112 110 107 130 101 155 93 92 118 113 115 132 108 153 102 128 135 116 141 139 135 132 153 135 161 140 181
 108 115 147 110 116 157 148 153 93 108 115 107 135 104 161 100 98 118 117 115 138 112 160 111 125 131 118 137 140 135 129 151 131 164 135 186
 98 116 144 114 103 161 145 161 84 107 113 103 136 104 160 105 87 117 112 116 135 116 156 116 132 133 115 142 138 141 128 155 129 170 130 192
 104 108 146 111 103 153 141 156 92 101 114 103 134 105 159 107 94 109 113 110 135 111 156 114 120 136 110 137 134 139 121 153 121 164 120 186
 105 119 149 108 113 158 160 146 87 118 112 108 135 101 162 96 93 125 116 117 138 111 162 106 133 136 120 141 146 133 137 150 141 167 146 187
 99 115 144 110 108 160 147 156 84 108 109 106 133 103 159 100 90 117 110 116 135 112 157 110 126 140 115 145 137 142 128 157 131 169 133 191
 107 106 150 118 102 150 137 161 97 95 118 103 141 109 169 117 98 105 117 110 140 116 163 123 117 134 108 134 133 141 118 153 114 166 111 187
 107 113 146 111 111 156 147 154 93 108 116 105 134 104 157 104 97 117 117 114 135 113 156 113 127 136 116 139 138 138 128 152 129 161 130 178
 102 115 145 113 107 153 144 151 87 105 110 101 136 99 160 102 91 119 112 116 135 115 157 115 122 126 112 136 135 135 124 144 126 158 127 175
 104 112 146 112 103 154 146 154 88 103 115 103 135 102 163 104 92 113 114 114 136 114 158 113 123 139 111 141 135 141 125 152 125 170 125 192
 109 116 148 111 109 155 150 150 88 109 116 103 136 101 158 100 94 120 117 116 136 114 157 112 135 130 120 138 141 135 133 147 135 163 136 185
 102 108 148 113 100 153 145 159 90 98 117 100 141 102 169 108 93 108 115 112 139 114 163 117 122 128 111 135 135 138 122 150 120 169 118 191
 103 110 143 112 104 163 139 165 94 97 112 101 132 101 162 105 97 110 115 112 134 113 157 115 108 136 107 143 128 144 115 158 115 175 117 196
 106 109 146 110 110 153 143 154 93 100 115 101 138 101 165 102 96 111 117 112 137 112 161 112 123 129 116 135 135 135 125 148 126 170 127 187
 106 107 149 115 107 152 143 154 91 93 120 95 142 99 166 109 95 106 118 110 139 114 161 119 134 126 115 133 142 136 129 147 127 155 126 178
 105 110 146 110 107 155 139 157 93 104 116 99 135 98 164 104 96 113 116 111 136 111 159 113 119 127 111 135 135 136 121 148 120 167 119 188
 104 108 142 112 101 152 137 156 94 99 114 100 130 101 158 108 95 108 113 111 132 112 153 116 112 130 105 135 128 136 115 147 114 167 113 186
 107 113 144 112 114 155 146 152 94 101 117 100 136 99 159 99 99 115 118 114 137 113 155 113 131 133 117 138 142 137 131 147 132 165 133 178
 107 115 142 112 112 159 146 155 89 112 114 105 131 102 156 104 95 119 114 115 132 113 152 113 126 132 115 140 137 138 129 151 131 165 133 185
 102 111 145 109 107 160 140 160 87 106 114 105 136 105 158 103 92 113 112 111 135 110 155 110 131 139 115 141 137 141 128 158 127 171 127 193
 105 109 145 117 102 151 141 158 91 99 122 99 140 105 159 112 93 109 116 112 136 116 155 123 136 126 116 133 138 139 128 146 126 167 124 185
 103 114 144 107 109 149 149 141 87 110 113 108 135 105 158 98 92 118 114 115 136 110 154 106 130 138 114 136 141 134 131 146 133 154 133 173
 106 116 142 122 105 156 134 161 97 106 116 108 136 111 157 117 99 116 116 119 133 122 152 125 122 143 111 141 131 145 120 157 119 164 116 181
 110 111 149 116 104 151 142 156 96 98 118 100 139 102 162 107 98 112 118 113 137 116 158 119 125 136 112 137 137 140 123 151 121 168 119 189
 106 116 148 113 111 162 146 159 91 103 115 104 135 104 160 100 95 115 115 116 136 114 156 112 129 139 116 143 141 142 130 156 131 165 132 182
 101 116 141 107 115 166 149 159 85 113 105 107 126 102 151 96 92 121 110 116 130 111 152 107 120 140 114 145 136 141 128 158 133 174 138 193
 106 108 149 109 104 152 149 156 96 97 116 101 140 102 165 101 97 109 118 109 138 110 161 111 123 137 113 136 137 139 124 152 125 172 124 191
 103 111 147 112 105 157 144 156 89 103 114 103 136 103 162 105 92 112 114 113 136 113 159 113 125 133 112 135 136 137 125 152 125 163 124 185
 101 105 145 102 111 157 143 157 82 89 112 89 133 87 163 86 91 104 113 106 135 104 159 103 124 127 114 135 136 135 126 149 126 165 130 186
 105 114 146 115 105 150 148 151 92 103 118 105 140 105 164 105 95 114 117 116 138 116 160 115 128 134 115 138 138 138 128 148 127 162 127 180
 102 112 143 112 109 163 148 161 88 106 116 103 137 104 159 107 93 115 115 113 133 113 154 115 135 133 119 142 139 141 132 157 133 174 133 197
 104 107 139 115 99 151 133 160 96 94 114 103 134 107 156 112 98 105 114 112 131 115 150 118 115 136 106 137 127 142 114 154 112 166 110 182
 105 110 147 112 103 149 145 150 92 103 116 105 139 107 161 107 94 111 116 112 136 114 159 114 128 136 112 135 139 135 125 148 125 160 124 175
 104 113 146 109 105 159 145 156 86 106 112 104 132 101 157 100 90 115 112 113 133 111 154 109 127 136 112 140 137 138 127 154 128 167 129 189
 102 114 144 115 104 163 144 162 89 102 116 98 134 100 157 105 93 116 113 115 134 115 154 117 130 134 112 141 139 142 128 156 128 171 128 193
 105 114 140 110 114 159 142 157 92 110 112 107 131 105 153 103 96 116 114 113 131 112 150 111 124 135 114 139 136 137 127 153 129 168 131 185
 102 117 146 110 110 159 154 151 87 116 111 108 131 102 160 102 92 122 113 117 134 112 157 109 122 133 114 140 139 135 130 150 132 163 136 187
 103 116 143 108 119 163 150 155 89 111 110 103 130 100 154 97 95 119 114 114 133 110 154 107 127 133 117 142 139 137 132 151 136 169 140 186
 101 113 143 108 110 160 146 155 87 105 108 103 129 100 153 96 91 116 111 113 132 110 153 108 121 133 114 140 135 137 127 155 129 162 132 185
 102 115 142 104 116 159 146 152 86 113 108 104 126 98 149 94 92 121 111 114 130 108 150 105 123 126 117 138 134 133 129 148 133 162 138 179
 109 110 146 110 108 154 138 156 99 103 117 101 135 100 160 103 101 112 118 110 136 110 158 113 119 129 114 135 133 137 121 149 120 165 121 183
 110 110 147 114 106 152 139 156 97 104 118 105 138 107 160 112 99 111 117 112 137 115 156 118 123 131 113 135 134 138 122 150 120 164 119 181
 104 112 145 111 105 160 140 160 94 107 116 102 134 101 161 107 97 116 116 113 135 113 158 116 118 129 111 139 133 140 121 152 120 165 120 184
 108 118 151 114 117 166 154 161 91 110 118 103 140 101 165 103 98 121 119 117 141 116 163 115 135 136 121 145 146 142 136 157 138 170 141 191
 111 108 148 112 107 151 139 155 96 96 124 99 139 101 158 103 98 107 119 109 137 111 154 113 137 132 118 134 138 139 129 150 126 159 123 177
 107 114 147 115 107 157 145 156 92 108 118 106 139 107 159 110 95 116 116 114 136 116 156 118 132 130 117 138 137 139 129 152 129 170 128 187
 105 113 149 112 105 160 146 160 88 110 117 106 137 106 164 108 92 116 116 114 137 113 160 115 127 134 113 137 140 138 127 154 127 164 128 190
 106 106 148 115 97 155 133 163 93 90 117 98 139 102 166 108 93 104 115 110 136 114 159 118 118 137 106 137 130 143 115 156 111 170 108 190
 112 111 149 112 105 157 143 158 101 104 127 105 144 106 162 105 102 113 122 113 140 113 158 114 137 141 120 141 141 142 131 157 129 172 126 193
 100 113 146 109 106 154 147 151 86 109 110 102 132 101 160 103 92 117 112 113 136 112 158 113 120 125 111 136 136 133 125 148 125 159 128 186
 105 112 148 110 113 165 141 165 88 103 115 98 137 98 163 100 94 114 116 113 137 111 159 111 128 134 116 141 137 141 126 157 127 176 129 199
 108 120 146 116 112 157 147 152 93 111 118 108 136 107 157 106 97 120 116 118 137 117 155 116 134 134 121 140 140 139 133 150 134 162 135 183
 107 112 147 108 112 155 147 153 91 107 111 104 130 102 157 101 96 115 114 113 134 111 157 110 118 133 112 136 136 135 125 151 127 167 131 187
 105 107 149 110 103 149 148 154 94 101 116 100 140 102 167 107 96 109 117 110 139 112 164 114 121 132 111 133 137 136 122 148 122 164 121 183
 102 110 144 115 100 154 142 159 92 99 120 104 140 105 164 111 93 109 115 113 136 115 157 118 129 137 114 140 136 144 124 155 123 166 121 191
 104 110 145 109 105 147 145 147 86 105 113 103 135 103 159 102 91 113 114 111 134 111 156 110 129 130 115 133 138 133 127 143 128 159 129 180
 110 113 146 113 111 159 142 159 95 102 115 102 132 101 158 103 100 115 117 114 136 114 156 114 119 134 113 139 135 140 123 154 124 169 126 187
 102 109 141 109 108 151 140 152 90 102 114 95 134 95 159 102 95 110 113 110 135 110 153 112 123 129 112 135 134 135 124 147 125 156 125 181
 105 109 149 115 102 161 138 165 93 99 119 101 141 104 164 111 93 109 116 111 138 114 159 119 128 137 111 140 136 143 123 157 121 168 118 188
 107 110 141 113 106 156 137 158 94 103 116 103 134 103 155 106 98 111 116 114 133 114 152 115 122 134 113 138 131 141 122 153 121 163 121 180
 104 111 145 112 106 158 145 158 90 102 115 103 137 103 160 106 94 111 115 113 136 113 156 114 127 137 113 140 138 141 127 154 127 168 128 192
 101 108 143 116 101 152 142 158 93 92 116 101 139 106 167 109 94 106 115 113 137 116 161 118 119 142 108 140 135 144 120 156 118 172 117 193
 102 114 143 105 111 160 149 154 83 112 107 106 126 100 155 96 90 119 110 114 131 109 154 105 117 139 109 142 136 138 125 153 128 170 133 191
 103 117 143 111 116 160 148 157 86 113 112 105 132 102 155 101 93 120 113 116 134 112 153 112 130 132 118 140 139 138 132 152 134 163 138 183
 105 118 143 112 113 157 150 151 92 116 112 109 130 105 158 104 98 121 114 118 136 114 155 111 120 135 115 141 136 137 128 151 131 164 135 186
 105 114 149 113 111 159 145 158 88 108 117 106 136 106 164 106 94 116 116 115 137 114 160 115 128 137 116 141 140 140 129 155 129 170 130 194
 105 115 146 112 108 161 144 158 90 107 114 104 132 103 160 103 95 117 114 115 135 113 157 113 121 131 113 138 135 138 124 153 125 164 127 187
 99 113 144 112 104 160 145 157 82 108 107 102 127 100 157 102 86 116 108 114 131 113 155 113 118 138 106 141 134 139 122 152 124 174 127 197
 107 109 154 111 105 158 145 160 89 98 116 98 140 98 168 103 93 111 116 110 140 111 164 114 128 131 112 137 141 139 126 150 125 169 125 190
 101 113 147 114 99 155 147 157 85 104 116 104 138 104 165 107 89 114 113 114 137 115 159 116 128 138 112 140 139 141 126 154 126 171 125 196
 102 114 143 114 106 156 145 154 88 109 116 107 136 107 159 108 92 115 114 115 134 115 154 115 129 138 113 139 138 139 128 150 130 168 129 188
 104 114 146 111 110 158 147 155 91 108 114 104 133 102 159 101 96 116 116 114 135 112 158 112 123 134 113 137 139 136 127 150 127 169 130 186
 102 106 146 109 107 152 141 155 91 94 114 101 137 101 164 101 93 105 115 110 137 110 160 111 120 137 111 137 135 139 122 152 121 159 122 181
 101 111 146 109 108 162 146 162 87 105 117 102 138 101 160 102 91 114 115 112 136 111 158 112 138 134 116 141 143 141 132 157 133 166 133 191
 108 114 146 107 114 160 146 152 90 112 119 107 136 104 156 99 96 116 117 112 135 109 153 106 140 140 122 143 142 138 136 155 137 161 138 181
 107 113 145 114 106 157 141 158 93 104 118 106 138 106 158 107 97 114 116 114 135 115 154 115 132 139 117 142 137 142 127 157 127 165 125 185
 101 104 147 111 102 152 136 158 91 94 115 101 139 105 165 107 92 102 114 108 137 111 161 114 121 139 109 137 133 141 118 153 116 167 115 185
 103 112 150 112 104 159 148 160 88 102 115 99 138 99 165 102 92 114 115 111 137 112 162 113 128 134 111 137 142 139 127 153 127 169 127 195
 100 109 144 110 103 151 145 152 86 102 114 100 136 101 160 104 92 111 113 112 135 112 156 113 127 133 112 135 137 135 125 146 126 165 126 188
 105 118 142 113 110 162 141 158 91 114 113 106 128 102 154 103 95 122 113 118 132 114 152 113 118 130 115 141 132 139 124 152 124 165 127 187
 105 111 151 117 99 159 136 164 90 98 117 103 140 107 164 109 92 110 115 114 137 116 159 119 126 144 110 143 135 145 121 158 118 176 115 189
 108 114 147 113 111 162 142 162 92 108 115 104 135 103 160 107 98 116 116 114 136 114 156 115 124 135 114 140 136 140 125 155 127 172 128 195
 104 112 141 111 106 157 144 156 92 104 116 106 134 105 157 104 95 113 115 114 133 112 153 112 128 137 114 140 136 140 126 153 127 169 127 186
 105 117 146 111 112 162 149 157 85 113 115 109 136 106 160 101 92 119 114 117 136 113 156 110 133 138 118 144 142 140 132 157 135 171 137 188
 98 117 143 110 109 155 150 149 85 115 112 108 132 104 158 103 90 121 111 117 135 113 156 111 125 135 114 138 139 135 129 149 131 163 134 185
 108 112 145 120 104 154 135 160 98 99 120 103 137 107 162 115 100 112 118 115 137 118 157 124 121 130 110 135 132 140 119 150 116 164 114 185
 109 114 155 113 106 155 153 155 94 108 120 106 142 105 167 107 98 116 120 114 141 114 165 115 133 138 117 138 145 140 130 151 130 170 130 190
 106 115 141 111 108 157 140 155 92 110 112 107 128 104 156 106 97 118 114 115 132 114 153 113 114 132 110 139 129 138 120 151 121 164 123 184
 108 108 146 114 103 151 133 157 98 95 121 102 142 106 162 107 99 107 117 112 138 115 156 116 128 135 113 134 135 139 121 151 118 166 114 181
 104 112 139 114 105 152 138 154 91 102 120 103 136 105 155 109 94 112 114 114 133 114 150 117 131 131 114 136 134 139 125 149 124 151 125 171
 106 113 142 110 109 155 135 153 90 106 110 104 127 102 152 100 94 116 112 114 130 112 150 111 115 126 112 135 127 134 119 145 120 166 122 182
 106 112 148 113 110 162 139 162 95 97 111 104 132 101 163 102 98 114 114 113 137 114 161 115 110 132 111 141 130 141 115 152 118 178 121 196
 99 112 137 115 98 161 134 166 85 100 108 108 127 108 154 110 89 112 108 115 128 116 148 118 111 142 103 145 126 147 113 160 112 169 113 190
 107 107 149 111 103 152 146 156 90 100 116 105 137 106 167 106 94 108 116 111 137 112 161 113 121 140 111 139 137 142 123 154 122 165 121 191
 100 116 142 111 101 160 142 157 82 110 105 107 124 103 154 103 88 119 108 116 130 114 152 111 112 134 104 139 131 137 118 152 119 166 121 191
 98 116 138 110 112 155 144 150 86 108 112 102 131 99 157 98 93 118 113 116 133 113 153 109 126 135 114 140 138 137 128 150 130 160 133 179
 105 111 147 113 106 157 143 157 89 104 117 104 139 105 162 106 92 111 115 112 137 113 158 115 133 136 115 139 139 140 128 153 128 164 127 188
 103 114 147 108 108 161 148 156 86 107 110 102 132 99 158 97 91 118 113 114 134 111 157 109 124 137 111 140 139 138 127 154 129 168 131 187
 105 107 144 114 101 156 135 162 95 100 119 103 138 107 159 113 94 107 116 110 134 112 154 118 127 132 110 135 132 141 120 153 117 172 116 190
 104 116 148 108 117 158 151 151 83 112 110 102 134 98 157 96 90 121 113 115 136 112 157 109 134 127 121 138 142 133 135 146 139 165 143 186
 103 109 142 115 101 157 137 162 93 99 119 99 137 103 158 112 94 110 115 112 134 114 153 120 131 133 112 137 135 141 124 153 123 169 121 190
 103 114 143 114 107 158 141 157 91 106 113 105 131 105 154 105 93 115 113 115 131 114 152 114 124 138 110 141 136 140 124 155 124 167 125 185
 103 112 147 112 103 156 143 156 87 103 117 108 139 108 163 104 90 112 115 115 136 114 160 113 130 140 114 142 138 141 127 155 126 168 125 187
 108 114 151 115 104 159 143 161 92 104 120 105 142 107 162 108 95 115 116 115 139 116 159 117 135 140 116 143 141 144 129 160 127 172 125 194
 103 112 146 113 100 155 141 157 91 104 116 100 135 100 163 109 94 114 113 112 136 113 159 117 119 128 109 134 134 136 120 149 119 162 118 187
 104 118 146 113 112 163 145 159 89 111 111 108 131 104 158 103 94 121 113 118 135 114 156 113 118 139 113 145 134 142 125 158 127 167 131 185
 105 114 152 114 107 165 148 166 93 103 117 103 141 103 168 106 95 115 117 115 141 114 164 116 125 140 113 144 140 145 126 162 126 175 126 196
 97 112 148 111 96 155 149 156 82 101 113 104 139 105 167 101 86 111 112 115 138 113 163 111 128 140 111 142 138 142 125 154 124 176 124 196
 103 115 143 107 108 157 146 151 85 113 111 106 129 102 152 99 89 119 113 114 131 109 152 106 128 134 113 137 138 134 129 149 131 162 134 180
 105 109 144 111 106 153 136 157 93 100 120 101 140 102 163 105 95 109 116 111 137 111 157 113 130 130 117 136 137 139 125 150 122 161 121 179
 107 112 148 109 112 163 141 161 85 102 113 99 134 98 162 97 91 114 114 113 135 112 157 110 126 138 113 143 137 142 127 156 127 175 129 193
 104 111 149 113 104 149 151 151 87 104 113 106 136 105 165 105 92 111 114 112 137 113 162 113 124 139 111 136 140 138 126 151 126 166 127 187
 105 116 144 108 116 162 148 156 88 114 111 108 131 103 154 98 95 121 113 117 133 112 154 107 126 139 117 144 138 140 131 156 134 170 138 185
 103 115 148 112 109 167 146 163 87 108 109 106 129 104 160 103 93 118 113 115 135 114 158 113 114 139 110 145 133 143 122 160 124 175 127 194
 99 113 144 113 102 158 142 158 89 108 113 102 134 102 160 109 91 118 112 115 135 115 159 119 122 126 111 138 134 138 122 151 122 160 122 182
 102 114 150 107 111 165 153 160 82 107 111 102 135 99 162 95 89 119 112 115 138 111 161 107 132 133 116 141 142 139 133 157 135 173 138 199
 103 116 143 108 115 160 147 153 87 116 111 110 131 105 151 100 92 121 113 115 131 111 151 108 129 138 118 143 137 138 131 155 134 167 138 185
 108 111 147 111 108 150 146 149 96 105 119 103 136 103 158 105 98 113 118 112 136 112 156 113 129 132 117 136 137 136 127 148 128 156 128 174
 106 118 145 111 113 160 145 155 92 112 111 105 130 102 153 101 96 121 114 117 133 113 153 111 124 132 116 139 136 135 128 150 130 166 133 181
 101 112 146 107 106 160 149 156 86 109 110 103 133 101 160 100 90 116 112 113 134 110 158 108 124 132 110 137 139 135 127 151 129 175 132 197
 107 112 148 111 108 160 141 160 88 100 111 100 135 98 163 99 94 113 114 112 136 112 159 112 121 131 113 139 135 139 123 153 123 169 123 189
 103 106 148 113 99 154 140 161 91 95 118 98 140 102 166 109 92 107 115 109 138 113 161 118 127 128 112 134 138 138 123 149 120 165 118 186
 106 108 148 108 104 161 138 161 92 100 121 103 140 104 159 100 95 110 116 110 136 109 156 108 135 140 116 142 139 142 128 161 125 169 123 188
 104 109 143 110 105 154 140 155 92 102 111 102 132 105 156 103 95 109 114 111 133 112 155 111 115 139 106 136 133 137 120 152 120 161 121 181
 105 114 148 116 109 168 143 170 91 105 117 102 137 102 164 107 95 116 116 115 138 116 159 119 125 137 114 143 138 144 125 162 125 183 127 202
 105 114 149 107 109 152 154 146 87 112 114 103 135 100 159 100 93 120 114 113 136 110 158 109 132 126 117 136 143 131 133 146 135 153 138 176
 103 103 148 116 95 151 130 163 98 86 119 97 143 103 169 112 95 100 116 109 140 114 162 122 115 135 105 134 129 142 112 155 106 167 101 186
 105 112 145 106 114 160 149 153 92 111 115 104 133 101 156 101 98 117 116 113 134 109 153 108 130 131 118 139 140 135 132 152 134 165 137 186
 106 108 148 118 100 151 137 160 94 95 121 102 142 107 166 115 94 107 117 112 139 117 159 124 127 133 112 135 134 141 121 150 117 164 113 189
 104 110 149 113 102 162 137 166 94 102 117 103 136 103 164 109 95 113 115 112 136 113 160 119 117 132 110 138 130 142 117 156 115 179 114 196
 106 114 150 115 103 159 146 159 88 101 114 103 136 103 162 103 90 116 114 115 137 116 159 117 127 137 112 141 138 141 126 151 126 177 126 192
 103 112 145 107 112 156 153 152 90 105 113 103 133 100 159 97 94 115 115 112 136 109 158 108 125 129 116 134 138 132 130 144 134 174 138 190
 105 110 147 114 100 152 143 156 94 100 118 103 139 105 161 110 96 111 117 113 136 115 158 118 129 136 112 137 138 141 124 153 123 162 121 186
 100 111 140 106 106 155 144 150 89 106 112 101 131 99 151 96 91 114 112 111 130 108 150 106 129 132 114 137 138 135 127 150 130 162 131 181
 101 113 143 107 110 159 140 155 86 105 108 99 130 94 160 95 91 115 112 113 134 109 157 108 117 125 113 137 131 134 122 146 123 166 126 186
 105 114 148 110 114 161 148 157 89 109 113 105 136 103 161 100 94 117 115 114 137 113 159 111 129 138 118 142 139 140 130 155 132 167 135 185
 104 108 148 111 105 154 139 156 92 99 118 101 140 102 163 106 93 109 116 111 138 112 159 115 128 130 114 135 136 137 124 148 123 167 121 185
 101 116 143 104 115 159 155 147 83 118 112 108 131 102 155 95 91 122 112 115 134 108 154 103 135 133 121 140 145 133 137 150 142 163 148 185
 102 110 146 112 106 160 145 160 92 102 113 104 137 104 166 107 95 111 115 112 137 113 162 115 117 138 109 140 135 142 121 157 121 171 122 194
 106 116 147 114 110 158 145 156 89 110 114 103 134 102 160 107 96 120 115 117 136 116 157 116 126 134 114 140 139 138 128 151 129 165 130 182
 95 112 142 112 98 154 145 153 81 102 105 105 129 104 159 102 84 113 107 115 131 114 157 113 117 135 107 138 130 139 120 150 120 169 121 189
 104 120 144 111 118 162 146 155 91 119 112 109 132 105 155 103 95 125 114 118 134 114 156 112 126 128 120 139 137 136 130 151 133 170 137 187
 107 115 144 110 117 153 148 150 91 110 115 107 133 103 154 100 95 118 116 115 134 112 154 109 132 132 121 137 140 135 134 146 136 163 140 175
 105 108 146 112 107 146 148 150 95 94 115 100 137 101 166 104 98 107 116 111 139 112 161 113 118 134 111 134 135 138 123 146 122 160 122 182
 104 112 143 110 106 150 147 147 90 108 114 105 130 104 156 105 94 114 115 113 132 112 154 112 123 136 111 137 137 135 126 147 127 161 128 179
 103 109 148 110 108 159 144 160 88 102 116 100 136 101 164 105 92 111 116 111 136 111 160 113 127 132 114 138 138 139 127 154 126 168 126 191
 103 111 146 114 102 161 141 162 86 103 112 103 136 104 164 108 91 113 113 114 135 115 158 116 122 142 110 142 134 143 122 159 121 177 120 200
 106 118 147 108 115 155 158 145 87 113 116 106 138 102 162 94 95 121 118 117 138 112 161 105 137 137 122 143 147 136 138 150 143 163 147 184
 106 118 146 110 116 159 149 152 90 112 110 107 130 103 154 96 95 121 114 117 134 112 154 108 126 136 117 140 140 135 131 152 134 162 138 176
 102 118 142 109 116 161 146 156 87 113 108 108 126 101 154 98 93 121 112 118 132 112 153 108 119 140 114 145 135 140 127 158 130 165 136 187
 109 111 147 120 97 150 134 161 95 97 119 102 135 107 163 115 97 109 116 114 136 119 157 124 117 135 105 136 130 143 115 151 111 171 108 189
 106 113 143 112 111 156 145 155 95 107 118 103 135 103 159 106 98 115 118 114 136 113 156 114 128 131 117 137 137 137 128 150 128 163 129 182
 105 114 146 115 114 161 141 161 91 105 116 103 137 104 159 107 94 117 115 115 136 115 156 118 130 123 117 134 138 135 129 145 130 173 132 188
 105 113 146 110 108 155 146 152 91 105 114 101 133 99 160 100 94 115 115 113 134 112 158 111 120 133 110 137 137 136 125 150 125 162 127 180
 96 115 138 112 105 154 138 152 86 107 108 104 123 102 151 104 90 117 107 114 128 112 149 113 113 132 106 136 128 135 118 150 120 163 122 184
 108 107 147 113 104 154 137 159 96 96 117 103 138 106 163 107 99 105 118 110 137 114 159 116 120 137 111 137 133 141 120 154 117 162 116 178
 103 115 150 112 106 157 151 155 86 110 112 107 134 105 163 106 91 118 112 116 136 115 161 114 121 136 111 141 138 140 126 154 127 170 129 193
 103 113 142 117 105 156 138 159 90 105 115 102 135 104 155 112 92 116 113 115 133 116 153 121 127 128 112 135 135 138 124 148 123 166 122 183
 103 110 146 108 101 151 143 152 87 99 110 96 133 94 162 98 91 112 112 111 134 110 158 110 116 124 109 134 131 133 120 145 119 162 118 185
 103 113 149 105 111 156 157 149 83 111 109 102 134 98 160 96 91 118 113 112 135 108 158 105 127 129 115 137 141 132 133 148 136 164 140 190
 106 109 153 111 106 158 145 159 88 94 117 96 142 98 166 98 92 109 116 111 141 113 163 113 132 133 114 137 142 139 129 153 127 173 126 192
 105 110 145 108 111 157 144 156 89 100 113 97 134 95 160 95 94 111 114 110 136 109 157 108 125 132 114 137 139 135 127 152 127 166 129 187
 102 109 147 112 103 157 142 161 94 102 118 106 137 108 162 110 94 109 117 111 135 113 158 114 125 138 112 138 136 141 123 157 121 170 120 192
 103 105 152 111 100 154 140 158 90 92 115 101 138 103 166 103 92 104 115 109 137 111 162 113 120 144 108 139 135 142 119 159 117 168 116 183
 107 109 143 113 107 155 138 158 96 101 115 106 135 106 159 109 99 109 116 112 135 113 154 116 114 135 109 139 131 140 119 154 118 163 119 185
 102 111 144 110 108 161 146 159 90 108 113 105 130 103 157 104 94 115 113 113 133 112 155 112 120 135 112 141 134 140 124 157 126 167 128 193
 97 113 137 110 101 156 135 156 84 103 105 102 124 98 149 100 88 114 105 114 128 112 146 111 113 131 105 137 129 136 117 151 118 164 120 183
 105 112 144 119 103 161 132 166 93 100 118 102 141 106 158 111 94 113 114 115 137 118 152 121 131 137 112 142 133 145 123 160 120 170 116 191
 102 112 143 111 103 152 147 151 89 102 110 104 131 102 162 103 93 114 112 115 134 114 157 113 114 139 108 140 131 139 119 151 120 167 121 188
 103 115 145 107 116 159 146 153 83 114 107 108 131 102 157 98 92 120 111 116 134 111 155 107 122 136 115 142 137 138 129 153 132 164 137 185
 106 112 149 112 101 153 145 154 89 105 117 101 137 103 157 104 91 115 115 113 137 113 156 114 134 132 115 135 140 136 129 149 129 165 128 190
 104 108 146 109 110 156 139 157 92 100 116 102 137 102 161 104 96 109 115 111 136 110 157 112 125 133 113 138 136 139 124 151 124 163 124 185
 103 113 147 112 111 161 149 160 88 106 118 100 139 100 159 102 91 117 115 113 137 114 158 116 140 134 120 139 144 139 136 152 137 175 139 195
 105 107 146 112 97 147 138 151 89 97 115 101 137 104 161 106 92 107 114 110 135 113 156 115 123 136 110 136 132 137 121 148 119 159 117 179
 106 110 147 107 109 159 142 158 91 103 115 98 134 96 161 98 96 112 114 110 136 108 157 108 122 131 112 138 136 137 124 153 124 163 126 186
 105 114 146 114 107 165 142 164 90 105 116 101 134 101 160 104 95 116 115 115 136 115 157 116 125 130 115 141 136 142 125 157 125 170 124 192
 105 109 143 118 97 152 129 160 96 98 119 104 137 110 159 116 96 106 115 112 134 116 152 121 120 137 107 136 130 141 115 152 112 163 108 182
 106 109 145 117 105 153 135 160 95 98 122 101 141 106 162 114 96 109 118 112 139 116 156 123 131 131 113 133 138 140 125 149 121 162 118 182
 104 113 144 108 111 156 145 153 90 108 111 105 130 102 155 99 94 116 113 113 133 110 154 109 121 134 113 137 136 135 126 150 127 159 130 179
 104 112 146 111 108 153 146 152 90 110 115 106 137 106 160 107 93 115 115 112 136 112 157 113 130 132 115 136 140 135 129 149 129 160 131 181
 105 118 144 110 115 158 149 151 88 114 110 105 128 101 153 98 96 122 114 117 134 113 154 110 124 133 116 140 139 136 130 153 133 159 138 179
 106 118 145 109 118 165 149 158 92 111 113 104 130 100 155 97 97 121 115 118 136 112 155 109 127 132 118 142 142 139 133 151 136 170 140 187
 104 114 152 114 102 160 143 162 89 107 115 100 137 99 165 110 92 118 113 114 138 115 161 119 123 127 111 138 136 140 123 153 123 165 122 192
 102 111 148 110 109 161 142 160 86 105 112 101 134 100 161 102 92 114 113 112 137 111 158 112 124 135 113 141 135 141 125 159 125 164 126 186
 107 112 149 116 101 160 136 165 94 104 119 103 138 105 163 114 97 114 116 114 138 117 158 121 121 134 110 140 134 144 119 157 117 167 114 192
 97 114 138 113 101 158 136 157 83 103 105 106 126 103 153 103 87 114 107 116 128 115 150 113 114 137 105 142 126 142 116 154 117 165 119 183
 104 115 144 113 107 160 141 158 91 106 115 102 130 101 157 103 95 117 113 115 135 114 154 115 121 126 113 136 133 135 123 150 123 173 124 190
 106 111 148 114 100 160 138 162 93 103 117 101 137 102 162 109 96 114 115 112 136 113 158 118 120 130 110 139 133 140 120 154 118 166 115 192
 100 108 145 113 104 155 138 160 91 93 115 97 141 99 166 105 92 110 115 111 137 114 159 118 124 121 113 132 133 135 122 145 120 171 118 189
 106 114 149 109 109 154 154 149 87 106 117 103 139 102 163 97 95 116 118 115 139 112 161 108 135 140 120 142 146 139 135 151 136 169 138 189
 103 116 152 110 108 158 158 151 80 107 108 110 132 105 165 95 87 117 112 118 136 114 162 107 127 147 114 146 141 143 131 157 134 174 139 193
 108 105 149 112 105 150 139 158 97 95 118 98 140 100 167 106 98 106 118 109 140 112 162 116 119 134 111 134 134 138 120 151 118 163 116 186
 107 110 148 114 105 156 141 159 94 100 120 100 139 102 163 107 97 111 117 112 138 114 159 117 128 132 113 136 138 140 124 152 122 166 120 185
 107 120 146 112 119 163 154 155 89 119 112 112 129 106 158 102 97 124 114 119 135 114 156 111 124 142 117 146 140 141 133 158 137 173 142 193
 97 113 148 116 98 162 146 163 80 102 109 101 137 102 166 107 86 115 108 115 137 116 161 118 121 138 106 143 137 144 122 159 122 177 122 200
 106 113 146 107 116 159 147 154 91 104 112 100 134 97 160 95 97 115 116 113 137 110 159 108 125 136 117 139 139 137 129 152 131 164 133 184
 102 114 145 117 105 160 143 160 90 99 112 100 135 101 162 105 92 114 114 116 135 117 158 119 120 138 111 142 135 143 123 158 122 167 123 187
 103 112 146 113 105 151 144 154 90 103 115 105 138 106 165 107 92 112 116 113 136 115 160 116 126 133 113 136 138 138 125 148 125 166 124 189
 102 117 144 111 107 159 152 151 85 116 109 111 130 106 156 104 90 120 111 118 132 113 155 110 125 141 113 142 138 138 129 153 132 172 136 191
 102 110 145 111 107 156 148 155 93 101 114 105 137 106 162 104 95 110 116 111 135 112 160 112 124 143 111 140 138 140 125 157 125 167 127 184
 102 111 149 112 106 161 142 161 88 101 115 101 139 102 160 105 90 112 113 113 136 112 158 114 132 133 114 141 138 141 127 156 126 166 126 186
 102 115 146 108 110 161 152 153 85 111 108 102 129 99 157 97 91 119 112 115 132 111 157 108 120 134 111 142 137 137 127 155 129 162 133 185
 107 109 147 113 103 159 141 164 94 100 119 99 140 101 158 106 96 111 117 111 137 113 155 118 135 134 117 137 140 142 128 154 128 179 125 203
 106 118 140 110 120 158 149 151 93 114 116 107 130 103 151 102 100 121 116 117 133 112 150 109 132 130 121 139 139 135 135 150 138 158 141 175
 107 109 151 117 98 156 140 163 92 98 121 100 145 104 168 110 94 109 118 113 140 116 162 122 131 135 114 138 139 142 124 151 121 175 118 196
 102 116 141 114 110 166 142 164 93 110 114 105 130 103 161 107 97 119 114 117 134 116 156 117 112 136 112 145 131 144 120 160 122 175 125 196
 108 112 146 115 106 151 145 154 95 104 113 106 133 106 160 109 98 113 116 114 135 115 159 117 114 140 109 139 133 141 120 154 119 165 119 184
 109 111 151 118 105 158 139 165 97 99 124 102 145 106 165 113 99 110 119 113 141 117 160 122 135 131 118 138 138 143 127 155 124 171 120 190
 108 117 145 118 111 158 140 159 96 107 117 104 136 105 156 108 99 119 116 118 136 118 154 119 129 134 117 141 136 142 127 153 127 166 127 184
 106 119 144 110 114 159 147 152 87 116 111 110 130 103 154 99 93 123 113 118 132 114 154 109 126 136 115 141 138 137 129 152 131 163 136 182
 101 115 143 109 109 162 146 157 85 115 110 108 129 105 156 102 90 119 111 114 132 111 154 109 121 137 111 142 136 137 125 157 128 169 131 192
 101 117 148 109 116 165 150 159 88 110 110 108 129 103 158 97 93 120 112 116 136 112 160 109 118 139 114 144 137 141 127 160 129 169 134 189
 104 108 148 110 104 154 142 156 93 101 117 100 139 102 161 106 94 110 116 109 137 111 158 114 128 136 113 134 137 137 124 152 122 171 121 189
 106 111 145 108 113 160 144 158 90 105 118 102 136 101 158 99 94 112 117 111 135 109 156 109 133 135 119 141 138 140 131 155 131 165 132 183
 105 110 150 116 102 153 140 159 96 101 120 103 140 106 166 115 97 110 116 112 138 116 161 122 122 139 109 137 135 142 120 155 118 166 115 188
 101 112 150 109 106 167 147 165 85 102 111 98 136 96 166 99 90 115 113 112 138 111 162 111 122 133 111 140 139 140 124 158 125 178 126 201
 101 110 147 113 102 157 142 159 83 101 112 106 136 108 166 108 86 109 112 114 136 115 162 115 123 141 110 141 134 143 121 158 121 170 120 192
 101 112 143 109 110 157 141 156 87 101 112 98 133 96 161 97 92 113 114 113 134 111 157 110 122 135 113 140 136 140 124 152 125 163 126 182
 98 119 137 109 105 159 143 149 81 113 100 108 118 100 148 96 87 124 105 118 125 112 148 108 106 136 105 143 127 136 118 150 122 162 127 183
 103 111 140 116 102 157 134 160 93 100 119 104 137 107 155 109 94 110 114 113 133 115 150 117 131 141 113 142 134 144 124 156 122 163 120 181
 101 116 145 115 113 164 140 163 87 107 110 100 133 101 156 106 91 120 112 117 134 116 154 118 128 130 115 142 135 141 127 154 128 174 130 191
 108 112 149 114 101 151 142 154 96 104 122 105 141 107 162 108 98 113 118 113 139 115 158 117 131 139 113 138 140 139 125 151 123 170 120 188
 106 112 148 114 106 158 139 161 94 106 120 103 137 105 160 111 97 114 116 113 137 114 157 117 127 131 115 137 135 139 124 152 123 168 121 188
 102 111 150 110 105 151 153 151 88 104 113 106 138 106 166 104 91 112 115 113 138 112 165 110 126 139 110 137 144 137 128 152 128 169 129 187
 104 109 149 108 108 156 150 156 89 100 117 99 139 99 163 99 93 110 115 110 138 110 161 109 131 131 116 137 142 136 130 150 131 165 131 186
 109 116 146 107 120 167 149 160 93 111 109 107 129 100 156 93 101 120 115 115 135 110 156 105 117 137 117 144 137 141 127 158 131 171 136 189
 114 114 152 114 115 161 146 160 100 108 125 105 143 106 163 108 104 115 123 114 142 114 160 116 138 136 123 140 144 140 134 157 133 171 131 188
 104 109 150 113 100 157 142 160 91 101 117 101 138 103 164 109 93 114 116 113 137 115 161 118 123 127 110 137 134 139 121 150 120 167 117 189
 105 109 146 116 97 149 141 155 93 99 118 105 140 108 161 112 93 108 116 111 136 115 157 119 129 140 112 138 136 141 123 150 120 173 118 191
 100 112 147 109 105 158 147 156 86 104 108 102 133 99 164 101 90 117 112 113 135 112 161 113 117 128 111 138 134 137 122 151 123 158 124 185
 103 112 148 111 106 163 146 162 89 109 114 105 136 105 162 107 92 116 114 114 135 113 159 115 124 132 114 140 136 140 126 155 127 170 127 191
 106 109 145 112 111 153 142 156 96 99 123 99 141 101 164 105 99 110 119 111 139 112 158 114 132 126 119 134 138 135 129 146 127 161 127 179
 109 110 141 107 112 137 141 136 96 103 114 101 131 99 151 99 99 111 115 110 132 108 149 109 122 119 116 125 133 124 125 131 126 146 127 159
 106 110 147 113 105 151 139 154 91 99 117 99 136 101 162 104 95 110 116 113 136 115 157 114 123 135 111 136 135 139 122 149 121 165 119 181
 102 115 140 111 111 159 139 156 91 108 108 104 127 101 152 101 95 118 111 115 131 112 151 112 113 130 111 139 129 137 120 151 123 167 125 183
 108 110 149 110 111 154 145 154 91 109 115 104 136 106 166 109 97 115 116 112 140 112 162 114 122 130 114 132 137 132 126 145 126 163 127 185
 106 109 146 113 108 159 141 161 92 101 118 99 140 102 161 108 94 111 117 111 137 113 158 118 131 133 115 139 138 141 127 153 125 168 124 187
 106 113 146 114 103 149 142 149 92 104 116 105 134 105 158 107 95 113 115 113 133 114 154 115 125 140 113 138 134 139 124 151 124 157 122 176
 108 112 151 111 101 149 148 148 86 104 115 106 136 105 161 99 91 113 114 114 137 113 158 109 128 138 114 140 139 138 127 149 128 167 129 184
 107 102 149 107 107 155 142 158 93 91 118 97 141 100 166 101 96 103 118 107 139 109 161 111 127 138 115 138 137 141 125 154 124 165 123 183
 103 115 148 111 107 168 145 164 86 104 110 102 134 98 165 99 91 118 112 116 136 114 160 112 119 134 112 145 136 143 123 157 124 179 126 200
 104 110 147 107 105 162 147 160 86 105 114 104 137 102 162 101 90 113 113 111 135 109 157 109 131 142 114 143 141 142 129 159 130 177 131 198
 104 113 148 113 106 162 138 163 86 101 112 102 134 101 166 102 91 113 113 114 136 115 160 114 118 136 111 141 133 143 120 155 119 172 120 193
 105 111 148 108 110 155 148 153 93 106 117 102 137 102 161 101 95 115 117 111 137 110 160 111 131 131 118 137 141 136 130 151 131 163 131 183
 101 117 143 110 110 160 146 155 86 110 110 105 132 100 154 97 90 120 111 116 133 112 152 108 131 134 116 141 139 137 130 153 132 169 134 187
 104 108 145 113 106 159 138 163 92 99 117 101 138 103 161 108 93 109 116 110 136 113 158 117 126 136 112 139 136 142 122 156 121 171 119 190
 102 113 144 113 110 160 143 160 87 109 115 102 134 102 157 109 91 117 113 114 133 113 154 117 130 128 114 137 138 137 129 150 131 166 132 189
 106 111 149 112 110 155 145 156 89 98 116 96 139 96 164 102 93 113 117 113 137 113 161 116 130 122 119 135 137 136 129 145 129 162 130 180
 105 108 147 115 100 150 139 157 93 98 120 103 141 107 163 111 94 107 116 111 137 115 158 119 129 136 114 138 135 142 123 151 121 164 118 183
 107 116 142 109 118 159 148 155 88 111 113 102 130 99 148 98 93 120 113 114 131 110 147 110 137 125 122 136 139 134 136 147 139 163 143 183
 104 112 151 107 113 159 145 156 88 103 113 100 137 99 159 97 91 114 114 111 137 108 158 107 133 131 117 138 141 136 131 153 132 161 133 184
 105 118 146 110 113 157 152 150 89 111 113 107 134 103 160 97 95 121 116 118 136 114 158 109 127 135 119 142 139 138 131 150 134 170 138 186
 104 111 146 112 106 155 151 155 85 99 106 107 129 105 159 102 89 111 110 116 132 115 156 112 114 144 107 144 131 146 122 157 124 172 127 191
 105 112 143 110 112 159 143 157 89 106 113 103 135 102 157 102 94 114 114 113 134 111 154 110 127 134 116 141 135 139 128 152 129 165 131 185
 105 113 145 113 106 156 143 156 88 105 115 106 136 107 161 106 92 114 115 115 135 115 158 115 125 140 114 142 135 142 125 155 125 167 126 186
 102 115 145 115 106 159 140 159 91 106 114 103 134 103 160 109 94 118 114 116 134 116 157 118 119 127 111 138 133 139 122 152 121 158 121 180
 106 110 146 114 108 153 141 157 95 101 121 101 139 103 157 107 97 112 117 112 137 114 155 118 134 127 118 133 138 137 128 146 127 166 125 184
 106 118 148 112 112 162 151 155 87 116 112 110 132 105 157 103 93 122 113 118 134 114 156 111 127 138 115 144 140 140 131 157 133 173 136 189
 105 110 145 112 104 150 141 152 92 98 112 100 134 100 159 104 95 111 113 112 134 113 156 114 118 130 110 135 131 137 121 148 120 157 119 179
 105 109 147 111 106 150 148 153 91 101 117 102 140 103 164 105 95 110 117 112 139 113 160 114 130 135 115 135 141 137 128 148 129 168 128 189
 100 105 149 114 94 158 137 165 89 96 118 104 141 107 167 113 89 104 113 109 136 112 160 119 126 143 107 142 135 147 119 162 116 172 112 195
 104 113 143 114 107 156 140 155 88 103 113 101 133 101 155 104 93 114 113 114 132 114 152 114 126 134 111 137 136 138 125 150 126 166 126 182
 100 116 145 105 112 165 154 156 83 112 108 102 131 97 157 93 90 122 112 115 134 108 157 104 128 135 113 142 144 136 132 155 136 171 141 191
 103 114 143 111 107 150 149 146 89 107 114 107 132 105 156 100 93 115 114 115 133 113 155 110 127 136 115 138 137 135 129 147 131 161 132 179
 105 119 145 113 111 157 150 151 89 114 114 108 134 105 160 106 95 122 115 118 136 115 158 114 125 130 116 139 138 136 129 147 132 164 134 182
 102 114 145 114 106 163 142 162 86 100 115 100 135 100 162 101 90 114 113 115 135 116 158 116 127 131 114 141 135 141 125 154 125 171 125 190
 103 114 141 111 109 158 145 155 89 108 113 102 132 101 155 104 92 118 114 114 132 113 153 114 127 130 115 139 136 138 127 152 129 158 130 179
 116 114 159 109 125 160 160 155 98 106 125 102 148 98 171 94 103 117 126 114 148 112 169 108 142 134 129 142 152 138 143 151 145 171 147 183
 106 112 143 116 104 154 138 158 94 102 119 104 137 106 159 111 96 113 116 114 134 116 154 119 129 133 116 139 136 141 125 149 123 167 122 187
 105 111 144 106 115 159 146 154 91 104 113 103 136 101 157 95 94 113 115 112 136 109 156 105 128 133 117 139 140 137 130 152 131 162 135 177
 104 112 149 113 105 150 148 151 92 104 117 103 138 104 164 106 94 114 116 113 137 114 161 115 127 134 114 137 138 139 126 149 126 161 125 182
 104 117 139 113 110 158 143 155 88 109 112 107 132 104 151 102 94 119 112 117 131 115 148 112 130 135 118 142 136 140 129 154 131 169 131 186
 106 113 144 112 109 158 144 157 93 102 116 101 136 101 157 102 97 113 116 113 136 112 153 112 129 137 116 139 139 139 128 154 128 167 129 188
 105 111 144 110 107 156 146 154 91 104 111 103 133 102 159 102 94 113 114 113 134 112 155 112 121 137 112 139 135 139 125 154 125 163 126 186
