lfw2/David_Nalbandian/David_Nalbandian_0012.jpg 72 71 111 111 0 18 -17.5 -12.5 17.5 -12.5 -17.5 28.5 13.5 30.5 -29.5 -21.5 -8.5 -21.5 13.5 -21.5 31.5 -17.5 -26.5 -13.5 -5.5 -11.5 8.5 -11.5 29.5 -11.5 -0.5 6.5 -9.5 13.5 7.5 13.5 -2.5 24.5 -3.5 35.5 -2.5 53.5
lfw2/Sarah_Hughes/Sarah_Hughes_0001.jpg 71 72 110 110 0 18 -23.0 -14.0 17.0 -13.0 -24.0 22.0 20.0 24.0 -40.0 -23.0 -12.0 -20.0 10.0 -22.0 36.0 -19.0 -35.0 -13.0 -13.0 -12.0 8.0 -11.0 31.0 -12.0 -1.0 14.0 -15.0 13.0 11.0 14.0 -1.0 25.0 -3.0 42.0 -3.0 57.0
lfw2/Jean-David_Levitte/Jean-David_Levitte_0002.jpg 64 67 122 122 0 18 -19.0 -15.0 24.0 -17.0 -22.0 43.0 18.0 42.0 -32.0 -24.0 -10.0 -23.0 10.0 -22.0 37.0 -25.0 -30.0 -13.0 -12.0 -13.0 14.0 -13.0 33.0 -12.0 -2.0 11.0 -13.0 17.0 12.0 18.0 1.0 39.0 0.0 51.0 -3.0 71.0
lfw2/Jorge_Valdano/Jorge_Valdano_0001.jpg 73 69 110 110 0 18 -21.0 -11.0 19.0 -15.0 -15.0 36.0 15.0 36.0 -35.0 -17.0 -12.0 -23.0 4.0 -26.0 30.0 -25.0 -33.0 -9.0 -12.0 -12.0 8.0 -13.0 28.0 -16.0 0.0 11.0 -10.0 21.0 9.0 19.0 1.0 28.0 1.0 48.0 2.0 66.0
lfw2/Oswaldo_Paya/Oswaldo_Paya_0005.jpg 75 71 107 107 0 18 -26.5 -9.5 17.5 -17.5 -12.5 32.5 21.5 22.5 -41.5 -9.5 -13.5 -18.5 7.5 -19.5 27.5 -27.5 -36.5 -6.5 -12.5 -12.5 5.5 -15.5 26.5 -17.5 9.5 11.5 -7.5 16.5 16.5 7.5 8.5 24.5 12.5 39.5 14.5 61.5
lfw2/Paul_Burrell/Paul_Burrell_0008.jpg 71 70 112 112 0 18 -25.0 -11.0 18.0 -18.0 -14.0 36.0 22.0 29.0 -44.0 -14.0 -18.0 -20.0 4.0 -26.0 32.0 -26.0 -36.0 -8.0 -14.0 -10.0 7.0 -15.0 29.0 -18.0 -3.0 13.0 -13.0 16.0 11.0 12.0 3.0 28.0 5.0 43.0 10.0 68.0
lfw2/Mike_Weir/Mike_Weir_0005.jpg 78 78 99 99 0 18 -21.5 -16.5 15.5 -8.5 -24.5 28.5 7.5 35.5 -31.5 -25.5 -8.5 -20.5 12.5 -16.5 32.5 -10.5 -27.5 -18.5 -12.5 -11.5 8.5 -8.5 27.5 -5.5 -1.5 7.5 -15.5 11.5 4.5 16.5 -6.5 26.5 -9.5 38.5 -11.5 55.5
lfw2/Gene_Robinson/Gene_Robinson_0001.jpg 73 72 104 104 0 18 -21.0 -9.0 17.0 -12.0 -19.0 27.0 17.0 27.0 -29.0 -17.0 -10.0 -23.0 5.0 -24.0 27.0 -21.0 -27.0 -7.0 -10.0 -9.0 7.0 -11.0 30.0 -9.0 -7.0 6.0 -15.0 10.0 7.0 11.0 -5.0 22.0 -6.0 35.0 -5.0 58.0
lfw2/Doug_Melvin/Doug_Melvin_0003.jpg 70 68 114 114 0 18 -26.0 -10.0 19.0 -14.0 -18.0 38.0 20.0 33.0 -35.0 -17.0 -15.0 -23.0 4.0 -26.0 30.0 -27.0 -34.0 -7.0 -13.0 -9.0 6.0 -13.0 30.0 -14.0 0.0 9.0 -9.0 17.0 10.0 16.0 2.0 31.0 3.0 35.0 5.0 60.0
lfw2/Richard_Armitage/Richard_Armitage_0009.jpg 71 73 106 106 0 18 -20.0 -13.0 19.0 -15.0 -16.0 41.0 17.0 40.0 -33.0 -23.0 -12.0 -25.0 12.0 -26.0 41.0 -22.0 -27.0 -10.0 -10.0 -12.0 12.0 -13.0 36.0 -13.0 -8.0 16.0 -12.0 18.0 13.0 16.0 -2.0 34.0 -2.0 44.0 -1.0 70.0
lfw2/Laurent_Jalabert/Laurent_Jalabert_0002.jpg 76 72 106 106 0 18 -26.0 -16.0 15.0 -10.0 -27.0 26.0 15.0 31.0 -39.0 -22.0 -5.0 -19.0 9.0 -19.0 34.0 -8.0 -34.0 -15.0 -14.0 -13.0 6.0 -11.0 26.0 -5.0 0.0 11.0 -16.0 12.0 10.0 16.0 -4.0 27.0 -4.0 32.0 -7.0 57.0
lfw2/George_Clooney/George_Clooney_0007.jpg 64 64 121 121 0 18 -23.5 -12.5 22.5 -17.5 -13.5 36.5 17.5 33.5 -40.5 -14.5 -14.5 -21.5 8.5 -24.5 34.5 -27.5 -36.5 -9.5 -14.5 -12.5 11.5 -15.5 32.5 -16.5 -1.5 9.5 -10.5 14.5 10.5 12.5 0.5 33.5 2.5 43.5 5.5 68.5
lfw2/Andrew_Cuomo/Andrew_Cuomo_0001.jpg 69 71 109 109 0 18 -21.5 -10.5 19.5 -12.5 -15.5 34.5 18.5 35.5 -33.5 -15.5 -9.5 -16.5 9.5 -17.5 34.5 -20.5 -27.5 -11.5 -10.5 -8.5 11.5 -12.5 33.5 -11.5 -6.5 12.5 -14.5 16.5 9.5 17.5 -2.5 34.5 -1.5 47.5 3.5 67.5
lfw2/Dennis_Kucinich/Dennis_Kucinich_0007.jpg 68 72 116 116 0 18 -27.0 -17.0 17.0 -11.0 -25.0 30.0 8.0 37.0 -33.0 -27.0 -10.0 -24.0 11.0 -25.0 34.0 -14.0 -34.0 -17.0 -14.0 -15.0 9.0 -12.0 29.0 -6.0 -3.0 5.0 -17.0 10.0 7.0 15.0 -7.0 25.0 -11.0 43.0 -12.0 64.0
lfw2/Nasser_al-Kidwa/Nasser_al-Kidwa_0002.jpg 75 71 106 106 0 18 -21.0 -13.0 18.0 -8.0 -22.0 23.0 11.0 31.0 -33.0 -19.0 -4.0 -25.0 14.0 -23.0 32.0 -9.0 -30.0 -12.0 -12.0 -13.0 11.0 -7.0 29.0 -5.0 3.0 4.0 -13.0 8.0 11.0 15.0 -2.0 22.0 -3.0 35.0 -3.0 51.0
lfw2/Roh_Moo-hyun/Roh_Moo-hyun_0005.jpg 73 71 110 110 0 18 -23.0 -14.0 20.0 -10.0 -24.0 27.0 16.0 31.0 -36.0 -25.0 -12.0 -27.0 10.0 -25.0 34.0 -17.0 -32.0 -15.0 -13.0 -12.0 10.0 -9.0 30.0 -10.0 -4.0 12.0 -17.0 14.0 11.0 17.0 -4.0 29.0 -8.0 42.0 -8.0 60.0
lfw2/David_Beckham/David_Beckham_0016.jpg 73 69 112 112 0 18 -22.0 -13.0 19.0 -12.0 -20.0 30.0 16.0 30.0 -39.0 -22.0 -11.0 -24.0 9.0 -21.0 32.0 -20.0 -30.0 -12.0 -14.0 -12.0 9.0 -12.0 31.0 -11.0 3.0 6.0 -11.0 12.0 9.0 16.0 0.0 27.0 0.0 36.0 -2.0 59.0
lfw2/Richard_Myers/Richard_Myers_0015.jpg 70 71 108 108 0 18 -20.0 -9.0 16.0 -12.0 -17.0 30.0 11.0 31.0 -31.0 -17.0 -12.0 -21.0 4.0 -24.0 28.0 -20.0 -28.0 -8.0 -10.0 -8.0 9.0 -9.0 27.0 -9.0 -5.0 6.0 -12.0 12.0 7.0 11.0 -4.0 25.0 -5.0 39.0 -2.0 58.0
lfw2/Lance_Bass/Lance_Bass_0002.jpg 72 71 114 114 0 18 -20.0 -10.0 17.0 -15.0 -16.0 36.0 19.0 33.0 -38.0 -17.0 -14.0 -17.0 3.0 -23.0 36.0 -26.0 -30.0 -7.0 -12.0 -11.0 7.0 -12.0 29.0 -15.0 -7.0 12.0 -13.0 17.0 6.0 18.0 -3.0 30.0 -1.0 44.0 2.0 63.0
lfw2/Pupi_Avati/Pupi_Avati_0002.jpg 67 67 118 118 0 18 -18.0 -5.0 17.0 -18.0 -5.0 29.0 27.0 17.0 -33.0 -3.0 -12.0 -14.0 3.0 -19.0 26.0 -28.0 -27.0 2.0 -8.0 -9.0 6.0 -13.0 26.0 -20.0 8.0 9.0 -6.0 13.0 18.0 5.0 11.0 21.0 16.0 30.0 23.0 49.0
lfw2/Reese_Witherspoon/Reese_Witherspoon_0001.jpg 73 71 108 108 0 18 -24.0 -15.0 21.0 -16.0 -19.0 31.0 17.0 31.0 -43.0 -26.0 -16.0 -24.0 10.0 -25.0 38.0 -24.0 -36.0 -16.0 -14.0 -13.0 10.0 -13.0 34.0 -14.0 -6.0 12.0 -15.0 17.0 9.0 15.0 -2.0 28.0 -3.0 40.0 -3.0 57.0
lfw2/Britney_Spears/Britney_Spears_0003.jpg 70 67 113 113 0 18 -26.5 -12.5 17.5 -13.5 -25.5 30.5 18.5 28.5 -44.5 -20.5 -14.5 -22.5 10.5 -20.5 34.5 -26.5 -42.5 -12.5 -15.5 -12.5 9.5 -13.5 33.5 -12.5 0.5 9.5 -10.5 13.5 10.5 13.5 -1.5 25.5 -0.5 48.5 -0.5 68.5
lfw2/Mike_Babcock/Mike_Babcock_0001.jpg 69 69 114 114 0 18 -22.0 -15.0 22.0 -17.0 -16.0 36.0 19.0 36.0 -38.0 -19.0 -11.0 -19.0 9.0 -21.0 37.0 -26.0 -31.0 -13.0 -12.0 -14.0 13.0 -14.0 35.0 -15.0 -5.0 16.0 -13.0 14.0 10.0 15.0 -2.0 33.0 1.0 47.0 4.0 67.0
lfw2/Pedro_Almodovar/Pedro_Almodovar_0001.jpg 66 70 119 119 0 18 -20.5 -12.5 21.5 -13.5 -18.5 34.5 27.5 30.5 -38.5 -15.5 -11.5 -22.5 6.5 -24.5 39.5 -21.5 -33.5 -9.5 -9.5 -11.5 10.5 -11.5 35.5 -11.5 -3.5 9.5 -15.5 13.5 14.5 11.5 1.5 28.5 3.5 45.5 5.5 71.5
lfw2/Mikhail_Youzhny/Mikhail_Youzhny_0002.jpg 67 64 118 118 0 18 -23.0 -16.0 15.0 -12.0 -22.0 31.0 12.0 33.0 -35.0 -29.0 -4.0 -22.0 9.0 -21.0 31.0 -21.0 -34.0 -15.0 -10.0 -14.0 6.0 -12.0 27.0 -10.0 4.0 9.0 -9.0 15.0 9.0 16.0 -1.0 29.0 -1.0 32.0 -1.0 54.0
lfw2/Princess_Masako/Princess_Masako_0001.jpg 67 69 117 117 0 18 -21.5 -16.5 20.5 -11.5 -27.5 22.5 13.5 26.5 -36.5 -27.5 -6.5 -22.5 11.5 -19.5 37.5 -17.5 -33.5 -17.5 -10.5 -13.5 9.5 -10.5 32.5 -9.5 -0.5 14.5 -17.5 10.5 10.5 15.5 -2.5 23.5 -6.5 37.5 -8.5 58.5
lfw2/John_Swofford/John_Swofford_0001.jpg 65 65 120 120 0 18 -21.0 -8.0 23.0 -16.0 -11.0 35.0 20.0 31.0 -39.0 -14.0 -12.0 -29.0 4.0 -31.0 42.0 -26.0 -31.0 -4.0 -11.0 -9.0 12.0 -12.0 34.0 -16.0 -3.0 9.0 -13.0 14.0 14.0 13.0 1.0 30.0 5.0 44.0 6.0 67.0
lfw2/Kim_Dae-jung/Kim_Dae-jung_0001.jpg 71 70 114 114 0 18 -22.0 -12.0 21.0 -13.0 -15.0 41.0 18.0 39.0 -39.0 -22.0 -7.0 -29.0 7.0 -29.0 33.0 -27.0 -33.0 -10.0 -9.0 -13.0 9.0 -14.0 30.0 -12.0 9.0 11.0 -10.0 20.0 13.0 20.0 5.0 35.0 5.0 44.0 6.0 63.0
lfw2/Roh_Moo-hyun/Roh_Moo-hyun_0006.jpg 72 70 111 111 0 18 -22.5 -16.5 18.5 -9.5 -24.5 30.5 15.5 34.5 -35.5 -28.5 -8.5 -30.5 11.5 -25.5 31.5 -16.5 -29.5 -15.5 -11.5 -11.5 9.5 -8.5 29.5 -6.5 4.5 11.5 -14.5 16.5 12.5 19.5 -1.5 30.5 -2.5 42.5 -7.5 62.5
lfw2/Annette_Bening/Annette_Bening_0001.jpg 74 71 109 109 0 18 -25.5 -16.5 21.5 -12.5 -25.5 28.5 16.5 32.5 -37.5 -26.5 -14.5 -23.5 12.5 -19.5 38.5 -18.5 -37.5 -19.5 -12.5 -13.5 11.5 -13.5 36.5 -8.5 -2.5 11.5 -11.5 14.5 8.5 15.5 -3.5 27.5 -5.5 47.5 -6.5 69.5
lfw2/Colin_Powell/Colin_Powell_0029.jpg 64 63 124 124 0 18 -24.0 -18.0 26.0 -11.0 -24.0 36.0 17.0 42.0 -37.0 -36.0 -13.0 -22.0 14.0 -20.0 43.0 -23.0 -35.0 -18.0 -13.0 -14.0 14.0 -11.0 39.0 -9.0 -2.0 11.0 -16.0 16.0 12.0 20.0 -5.0 36.0 -5.0 51.0 -7.0 69.0
lfw2/Lance_Armstrong/Lance_Armstrong_0014.jpg 67 67 111 111 0 18 -25.5 -17.5 15.5 -23.5 -13.5 29.5 20.5 26.5 -43.5 -17.5 -16.5 -31.5 6.5 -33.5 33.5 -28.5 -33.5 -13.5 -12.5 -16.5 5.5 -18.5 28.5 -20.5 -1.5 -7.5 -10.5 6.5 9.5 3.5 3.5 15.5 5.5 31.5 7.5 56.5
lfw2/Donald_Rumsfeld/Donald_Rumsfeld_0009.jpg 66 68 119 119 0 18 -22.5 -14.5 23.5 -19.5 -22.5 31.5 24.5 28.5 -36.5 -17.5 -11.5 -21.5 10.5 -21.5 34.5 -24.5 -31.5 -10.5 -10.5 -14.5 11.5 -15.5 30.5 -16.5 3.5 10.5 -11.5 15.5 14.5 11.5 4.5 30.5 5.5 42.5 6.5 64.5
lfw2/Costas_Simitis/Costas_Simitis_0003.jpg 79 77 94 94 0 18 -24.0 -12.0 19.0 -12.0 -14.0 31.0 14.0 35.0 -32.0 -16.0 -10.0 -23.0 11.0 -22.0 35.0 -15.0 -28.0 -9.0 -12.0 -11.0 13.0 -10.0 31.0 -9.0 0.0 8.0 -8.0 14.0 8.0 15.0 1.0 27.0 -2.0 42.0 -2.0 66.0
lfw2/Jean_Charest/Jean_Charest_0016.jpg 71 71 110 110 0 18 -22.0 -12.0 18.0 -13.0 -22.0 27.0 22.0 26.0 -32.0 -20.0 -14.0 -22.0 8.0 -22.0 29.0 -19.0 -31.0 -10.0 -14.0 -10.0 10.0 -12.0 29.0 -13.0 1.0 5.0 -12.0 11.0 11.0 10.0 0.0 26.0 0.0 38.0 0.0 61.0
lfw2/Cherie_Blair/Cherie_Blair_0003.jpg 68 66 120 120 0 18 -23.0 -14.0 20.0 -12.0 -23.0 31.0 19.0 31.0 -40.0 -20.0 -14.0 -22.0 9.0 -22.0 35.0 -18.0 -35.0 -13.0 -13.0 -13.0 7.0 -11.0 35.0 -10.0 -3.0 7.0 -14.0 13.0 7.0 13.0 -3.0 26.0 -3.0 35.0 -3.0 51.0
lfw2/Ben_Curtis/Ben_Curtis_0002.jpg 83 79 93 93 0 18 -17.5 -17.5 19.5 -16.5 -21.5 28.5 12.5 30.5 -30.5 -27.5 -5.5 -25.5 10.5 -24.5 31.5 -22.5 -31.5 -17.5 -7.5 -16.5 6.5 -15.5 29.5 -13.5 1.5 6.5 -9.5 10.5 7.5 11.5 -1.5 25.5 -1.5 40.5 -3.5 58.5
lfw2/Salma_Hayek/Salma_Hayek_0010.jpg 68 67 118 118 0 18 -19.0 -16.0 22.0 -11.0 -24.0 26.0 14.0 32.0 -38.0 -22.0 -10.0 -28.0 13.0 -26.0 36.0 -16.0 -32.0 -16.0 -10.0 -13.0 10.0 -11.0 32.0 -8.0 0.0 2.0 -14.0 8.0 9.0 11.0 -2.0 18.0 -6.0 44.0 -6.0 63.0
lfw2/Bill_Clinton/Bill_Clinton_0028.jpg 75 73 106 106 0 18 -26.0 -13.0 14.0 -15.0 -17.0 31.0 16.0 29.0 -37.0 -26.0 -14.0 -23.0 10.0 -23.0 31.0 -28.0 -36.0 -15.0 -10.0 -12.0 8.0 -13.0 28.0 -16.0 4.0 15.0 -11.0 16.0 9.0 15.0 1.0 29.0 2.0 41.0 0.0 60.0
lfw2/Mohammad_Khatami/Mohammad_Khatami_0002.jpg 71 69 112 112 0 18 -22.0 -14.0 19.0 -6.0 -30.0 35.0 5.0 42.0 -33.0 -23.0 -7.0 -22.0 10.0 -19.0 33.0 -9.0 -33.0 -14.0 -14.0 -11.0 11.0 -6.0 29.0 -1.0 -1.0 11.0 -18.0 11.0 6.0 17.0 -7.0 28.0 -14.0 51.0 -17.0 72.0
lfw2/Robert_DeFraites/Robert_DeFraites_0002.jpg 71 71 111 111 0 18 -20.5 -12.5 23.5 -13.5 -18.5 36.5 18.5 38.5 -36.5 -25.5 -11.5 -19.5 9.5 -19.5 36.5 -22.5 -29.5 -11.5 -11.5 -11.5 12.5 -9.5 33.5 -12.5 -2.5 10.5 -11.5 16.5 11.5 18.5 -2.5 32.5 -2.5 46.5 -1.5 63.5
lfw2/Arlen_Specter/Arlen_Specter_0001.jpg 70 72 111 111 0 18 -20.5 -14.5 17.5 -10.5 -20.5 30.5 9.5 33.5 -32.5 -19.5 -9.5 -19.5 7.5 -19.5 29.5 -16.5 -30.5 -14.5 -10.5 -13.5 8.5 -11.5 27.5 -8.5 -3.5 13.5 -14.5 13.5 5.5 15.5 -4.5 29.5 -5.5 39.5 -4.5 58.5
lfw2/Anna_Kournikova/Anna_Kournikova_0005.jpg 71 68 111 111 0 18 -16.5 -7.5 11.5 -13.5 -7.5 24.5 18.5 20.5 -30.5 -13.5 -12.5 -15.5 4.5 -19.5 21.5 -22.5 -24.5 -5.5 -6.5 -6.5 2.5 -11.5 22.5 -15.5 1.5 6.5 -4.5 10.5 9.5 8.5 4.5 18.5 5.5 27.5 7.5 40.5
lfw2/Luis_Gonzalez_Macchi/Luis_Gonzalez_Macchi_0004.jpg 65 70 114 114 0 18 -20.0 -14.0 21.0 -19.0 -13.0 36.0 18.0 32.0 -39.0 -25.0 -19.0 -24.0 8.0 -28.0 32.0 -35.0 -30.0 -13.0 -10.0 -13.0 12.0 -15.0 32.0 -21.0 -3.0 12.0 -11.0 16.0 13.0 14.0 1.0 28.0 3.0 43.0 8.0 59.0
lfw2/Rob_Marshall/Rob_Marshall_0002.jpg 70 70 116 116 0 18 -23.0 -12.0 20.0 -16.0 -18.0 31.0 23.0 28.0 -38.0 -16.0 -13.0 -19.0 9.0 -22.0 34.0 -20.0 -33.0 -11.0 -11.0 -11.0 9.0 -14.0 29.0 -14.0 -1.0 9.0 -15.0 12.0 15.0 12.0 0.0 26.0 1.0 42.0 2.0 66.0
lfw2/Mariah_Carey/Mariah_Carey_0002.jpg 68 66 117 117 0 18 -22.5 -16.5 21.5 -14.5 -28.5 25.5 21.5 29.5 -39.5 -27.5 -8.5 -23.5 12.5 -23.5 39.5 -26.5 -37.5 -14.5 -9.5 -11.5 10.5 -11.5 37.5 -10.5 0.5 6.5 -15.5 12.5 11.5 15.5 -0.5 25.5 -3.5 46.5 -3.5 65.5
lfw2/Jean-Pierre_Raffarin/Jean-Pierre_Raffarin_0005.jpg 74 72 104 104 0 18 -18.0 -10.0 15.0 -14.0 -14.0 29.0 16.0 26.0 -30.0 -20.0 -11.0 -21.0 8.0 -23.0 27.0 -25.0 -27.0 -8.0 -10.0 -10.0 7.0 -13.0 23.0 -14.0 4.0 11.0 -10.0 11.0 11.0 8.0 3.0 21.0 5.0 40.0 6.0 53.0
lfw2/Carly_Fiorina/Carly_Fiorina_0003.jpg 71 70 111 111 0 18 -17.5 -16.5 21.5 -7.5 -24.5 26.5 7.5 35.5 -29.5 -27.5 -3.5 -21.5 14.5 -17.5 37.5 -12.5 -29.5 -17.5 -6.5 -13.5 12.5 -8.5 32.5 -2.5 -2.5 8.5 -12.5 12.5 6.5 16.5 -6.5 27.5 -8.5 39.5 -16.5 59.5
lfw2/Jiri_Novak/Jiri_Novak_0005.jpg 67 65 118 118 0 18 -23.0 -14.0 19.0 -9.0 -21.0 34.0 7.0 41.0 -33.0 -27.0 -7.0 -20.0 13.0 -21.0 38.0 -17.0 -30.0 -14.0 -11.0 -10.0 13.0 -10.0 33.0 -6.0 -4.0 6.0 -14.0 11.0 4.0 15.0 -5.0 29.0 -9.0 48.0 -11.0 68.0
lfw2/Rick_Dinse/Rick_Dinse_0001.jpg 71 71 111 111 0 18 -21.5 -14.5 17.5 -14.5 -22.5 36.5 12.5 37.5 -35.5 -20.5 -8.5 -20.5 10.5 -19.5 35.5 -18.5 -33.5 -12.5 -11.5 -13.5 7.5 -14.5 28.5 -12.5 5.5 11.5 -12.5 14.5 10.5 15.5 1.5 32.5 0.5 51.5 0.5 69.5
lfw2/Fred_Eckhard/Fred_Eckhard_0001.jpg 67 67 115 115 0 18 -19.5 -11.5 21.5 -7.5 -20.5 33.5 11.5 37.5 -29.5 -26.5 -7.5 -25.5 12.5 -22.5 33.5 -15.5 -29.5 -9.5 -9.5 -11.5 11.5 -9.5 31.5 -3.5 -5.5 6.5 -15.5 13.5 5.5 17.5 -6.5 27.5 -7.5 38.5 -8.5 58.5
lfw2/Carlos_Moya/Carlos_Moya_0001.jpg 66 65 121 121 0 18 -28.5 -14.5 15.5 -14.5 -17.5 44.5 17.5 42.5 -46.5 -21.5 -11.5 -26.5 16.5 -25.5 33.5 -26.5 -39.5 -12.5 -13.5 -13.5 6.5 -11.5 29.5 -12.5 6.5 17.5 -11.5 21.5 14.5 21.5 7.5 40.5 6.5 50.5 6.5 73.5
lfw2/Dennis_Hastert/Dennis_Hastert_0002.jpg 71 68 114 114 0 18 -23.0 -15.0 23.0 -13.0 -18.0 28.0 15.0 32.0 -33.0 -24.0 -13.0 -23.0 13.0 -20.0 37.0 -19.0 -31.0 -15.0 -14.0 -13.0 11.0 -13.0 33.0 -10.0 -4.0 5.0 -14.0 10.0 11.0 11.0 -3.0 24.0 -4.0 40.0 -5.0 57.0
lfw2/Jean_Chretien/Jean_Chretien_0013.jpg 77 71 108 108 0 18 -22.0 -11.0 19.0 -10.0 -13.0 34.0 14.0 30.0 -32.0 -25.0 -11.0 -31.0 7.0 -31.0 30.0 -23.0 -32.0 -8.0 -11.0 -13.0 7.0 -11.0 26.0 -8.0 5.0 10.0 -11.0 13.0 12.0 11.0 4.0 26.0 5.0 42.0 2.0 61.0
lfw2/Bill_Frist/Bill_Frist_0001.jpg 65 67 115 115 0 18 -21.5 -12.5 18.5 -14.5 -15.5 32.5 18.5 33.5 -32.5 -20.5 -13.5 -21.5 3.5 -22.5 31.5 -22.5 -29.5 -12.5 -10.5 -11.5 8.5 -14.5 30.5 -13.5 -5.5 8.5 -13.5 12.5 9.5 13.5 -0.5 30.5 0.5 37.5 1.5 60.5
lfw2/Amer_al-Saadi/Amer_al-Saadi_0004.jpg 73 70 107 107 0 18 -19.5 -12.5 18.5 -14.5 -15.5 30.5 14.5 31.5 -30.5 -26.5 -11.5 -20.5 8.5 -24.5 32.5 -27.5 -29.5 -11.5 -12.5 -12.5 11.5 -14.5 29.5 -12.5 -5.5 9.5 -9.5 13.5 8.5 10.5 -4.5 25.5 -1.5 44.5 -1.5 60.5
lfw2/Renee_Zellweger/Renee_Zellweger_0010.jpg 69 68 112 112 0 18 -24.0 -7.0 17.0 -20.0 -8.0 33.0 31.0 20.0 -40.0 -6.0 -15.0 -15.0 3.0 -22.0 31.0 -31.0 -35.0 -1.0 -11.0 -7.0 6.0 -15.0 30.0 -21.0 2.0 10.0 -8.0 16.0 16.0 8.0 8.0 23.0 15.0 39.0 20.0 55.0
lfw2/Mark_Warner/Mark_Warner_0001.jpg 65 65 118 118 0 18 -20.0 -7.0 15.0 -16.0 -5.0 33.0 21.0 26.0 -35.0 -6.0 -18.0 -18.0 2.0 -22.0 26.0 -27.0 -27.0 -4.0 -13.0 -10.0 8.0 -13.0 24.0 -18.0 -3.0 7.0 -8.0 15.0 12.0 10.0 4.0 25.0 10.0 40.0 17.0 56.0
lfw2/Junichiro_Koizumi/Junichiro_Koizumi_0047.jpg 68 66 115 115 0 18 -21.5 -10.5 19.5 -14.5 -12.5 42.5 21.5 36.5 -40.5 -17.5 -15.5 -22.5 8.5 -25.5 31.5 -24.5 -34.5 -7.5 -13.5 -10.5 8.5 -10.5 29.5 -12.5 3.5 10.5 -9.5 21.5 13.5 18.5 5.5 35.5 7.5 45.5 9.5 66.5
lfw2/Robert_Torricelli/Robert_Torricelli_0001.jpg 68 69 116 116 0 18 -20.0 -14.0 21.0 -17.0 -17.0 30.0 19.0 30.0 -38.0 -14.0 -11.0 -24.0 8.0 -25.0 33.0 -21.0 -31.0 -11.0 -11.0 -14.0 10.0 -13.0 32.0 -14.0 2.0 0.0 -10.0 11.0 14.0 10.0 1.0 24.0 1.0 32.0 2.0 54.0
lfw2/Allyson_Felix/Allyson_Felix_0004.jpg 66 70 113 113 0 18 -19.5 -14.5 20.5 -13.5 -16.5 27.5 13.5 28.5 -34.5 -31.5 -12.5 -31.5 13.5 -30.5 33.5 -29.5 -30.5 -15.5 -11.5 -12.5 11.5 -13.5 30.5 -12.5 -1.5 5.5 -13.5 11.5 12.5 11.5 -1.5 21.5 -0.5 35.5 0.5 50.5
lfw2/Eileen_Coparropa/Eileen_Coparropa_0002.jpg 64 66 121 121 0 18 -27.5 -10.5 20.5 -14.5 -23.5 30.5 25.5 24.5 -46.5 -21.5 -14.5 -21.5 10.5 -25.5 36.5 -32.5 -39.5 -9.5 -16.5 -10.5 10.5 -13.5 35.5 -16.5 0.5 12.5 -13.5 16.5 15.5 13.5 2.5 28.5 3.5 47.5 7.5 69.5
lfw2/George_Galloway/George_Galloway_0002.jpg 69 69 113 113 0 18 -27.5 -15.5 20.5 -24.5 -12.5 32.5 20.5 30.5 -43.5 -21.5 -21.5 -19.5 5.5 -28.5 29.5 -34.5 -36.5 -11.5 -17.5 -14.5 5.5 -20.5 30.5 -23.5 -0.5 10.5 -9.5 14.5 12.5 13.5 2.5 29.5 5.5 42.5 8.5 63.5
lfw2/Lance_Bass/Lance_Bass_0003.jpg 66 68 117 117 0 18 -18.5 -8.5 16.5 -15.5 -14.5 31.5 24.5 23.5 -33.5 -16.5 -12.5 -18.5 2.5 -27.5 33.5 -30.5 -26.5 -6.5 -11.5 -8.5 6.5 -13.5 30.5 -17.5 -10.5 9.5 -12.5 15.5 5.5 12.5 -1.5 24.5 0.5 41.5 1.5 60.5
lfw2/George_Robertson/George_Robertson_0012.jpg 58 61 134 134 0 18 -26.0 -18.0 24.0 -14.0 -20.0 37.0 6.0 40.0 -35.0 -24.0 -11.0 -27.0 12.0 -25.0 42.0 -20.0 -34.0 -14.0 -11.0 -14.0 13.0 -12.0 36.0 -6.0 -5.0 0.0 -17.0 12.0 9.0 14.0 -8.0 28.0 -11.0 48.0 -15.0 77.0
lfw2/Benjamin_Netanyahu/Benjamin_Netanyahu_0004.jpg 65 65 122 122 0 18 -23.0 -18.0 20.0 -17.0 -18.0 36.0 15.0 37.0 -33.0 -23.0 -9.0 -23.0 13.0 -23.0 31.0 -26.0 -35.0 -17.0 -11.0 -17.0 9.0 -16.0 33.0 -16.0 2.0 15.0 -13.0 17.0 11.0 18.0 -1.0 36.0 -3.0 43.0 -3.0 63.0
lfw2/Adel_Al-Jubeir/Adel_Al-Jubeir_0003.jpg 74 72 105 105 0 18 -16.5 -8.5 11.5 -13.5 -11.5 23.5 14.5 21.5 -31.5 -14.5 -7.5 -18.5 4.5 -22.5 23.5 -21.5 -26.5 -8.5 -9.5 -9.5 4.5 -12.5 20.5 -13.5 4.5 7.5 -7.5 9.5 8.5 7.5 4.5 20.5 4.5 31.5 4.5 42.5
lfw2/John_Snow/John_Snow_0003.jpg 73 70 111 111 0 18 -24.5 -14.5 15.5 -14.5 -18.5 28.5 17.5 28.5 -39.5 -21.5 -9.5 -19.5 9.5 -20.5 34.5 -19.5 -33.5 -14.5 -12.5 -11.5 10.5 -13.5 26.5 -9.5 4.5 0.5 -10.5 9.5 10.5 10.5 2.5 23.5 2.5 29.5 1.5 50.5
lfw2/Mahmoud_Abbas/Mahmoud_Abbas_0027.jpg 67 66 119 119 0 18 -22.5 -15.5 19.5 -19.5 -21.5 33.5 19.5 29.5 -38.5 -21.5 -11.5 -24.5 8.5 -27.5 30.5 -26.5 -32.5 -13.5 -13.5 -16.5 8.5 -16.5 29.5 -18.5 3.5 10.5 -12.5 14.5 13.5 13.5 2.5 28.5 2.5 36.5 3.5 57.5
lfw2/Nestor_Kirchner/Nestor_Kirchner_0012.jpg 71 70 111 111 0 18 -24.5 -12.5 22.5 -8.5 -25.5 28.5 18.5 32.5 -37.5 -19.5 -10.5 -21.5 10.5 -22.5 38.5 -12.5 -33.5 -10.5 -13.5 -9.5 12.5 -8.5 32.5 -5.5 -4.5 15.5 -18.5 14.5 8.5 17.5 -4.5 31.5 -4.5 41.5 -7.5 63.5
lfw2/Petria_Thomas/Petria_Thomas_0002.jpg 70 73 110 110 0 18 -21.0 -14.0 18.0 -12.0 -23.0 27.0 13.0 31.0 -32.0 -24.0 -6.0 -23.0 12.0 -21.0 39.0 -18.0 -30.0 -13.0 -10.0 -13.0 9.0 -11.0 30.0 -10.0 2.0 10.0 -11.0 12.0 12.0 14.0 0.0 24.0 -3.0 41.0 -3.0 64.0
lfw2/Jonathan_Edwards/Jonathan_Edwards_0002.jpg 71 67 108 108 0 18 -24.0 -7.0 25.0 -10.0 -26.0 31.0 24.0 29.0 -39.0 -8.0 -11.0 -16.0 10.0 -17.0 40.0 -15.0 -36.0 -2.0 -12.0 -6.0 12.0 -8.0 37.0 -4.0 -4.0 -3.0 -15.0 12.0 10.0 11.0 -3.0 19.0 0.0 34.0 -1.0 57.0
lfw2/Anne_McLellan/Anne_McLellan_0002.jpg 71 71 113 113 0 18 -24.5 -11.5 17.5 -17.5 -14.5 31.5 21.5 27.5 -40.5 -18.5 -14.5 -24.5 8.5 -26.5 25.5 -30.5 -32.5 -10.5 -15.5 -12.5 9.5 -16.5 25.5 -19.5 6.5 1.5 -7.5 11.5 12.5 8.5 4.5 23.5 7.5 39.5 8.5 58.5
lfw2/Elizabeth_Smart/Elizabeth_Smart_0003.jpg 68 69 116 116 0 18 -23.0 -17.0 19.0 -12.0 -27.0 26.0 13.0 30.0 -39.0 -26.0 -12.0 -22.0 13.0 -20.0 39.0 -20.0 -35.0 -16.0 -14.0 -11.0 11.0 -12.0 32.0 -9.0 -2.0 12.0 -16.0 16.0 7.0 17.0 -4.0 28.0 -6.0 38.0 -9.0 59.0
lfw2/Charles_Moose/Charles_Moose_0004.jpg 69 67 115 115 0 18 -24.5 -14.5 20.5 -8.5 -23.5 30.5 12.5 35.5 -33.5 -29.5 -8.5 -21.5 10.5 -17.5 33.5 -19.5 -36.5 -15.5 -12.5 -11.5 11.5 -10.5 36.5 -9.5 0.5 7.5 -16.5 10.5 12.5 14.5 -4.5 26.5 -7.5 49.5 -9.5 64.5
lfw2/Al_Davis/Al_Davis_0002.jpg 73 69 111 111 0 18 -25.5 -2.5 16.5 -12.5 -5.5 42.5 21.5 34.5 -32.5 -10.5 -13.5 -15.5 4.5 -20.5 27.5 -22.5 -30.5 -0.5 -16.5 -4.5 10.5 -10.5 27.5 -13.5 0.5 12.5 -11.5 21.5 13.5 12.5 5.5 31.5 8.5 47.5 13.5 69.5
lfw2/Laura_Bush/Laura_Bush_0015.jpg 72 71 106 106 0 18 -20.0 -11.0 20.0 -15.0 -21.0 26.0 22.0 25.0 -37.0 -21.0 -12.0 -22.0 7.0 -24.0 35.0 -24.0 -32.0 -11.0 -12.0 -10.0 10.0 -12.0 30.0 -14.0 -4.0 3.0 -14.0 9.0 9.0 8.0 -2.0 21.0 1.0 34.0 3.0 54.0
lfw2/Bruce_Weber/Bruce_Weber_0002.jpg 68 67 112 112 0 18 -16.0 -10.0 23.0 -11.0 -17.0 29.0 21.0 30.0 -37.0 -14.0 -12.0 -19.0 11.0 -21.0 36.0 -15.0 -33.0 -6.0 -8.0 -11.0 8.0 -11.0 32.0 -8.0 3.0 3.0 -11.0 12.0 13.0 12.0 3.0 24.0 3.0 31.0 3.0 52.0
lfw2/Ray_Romano/Ray_Romano_0002.jpg 69 69 116 116 0 18 -24.0 -12.0 16.0 -15.0 -20.0 31.0 21.0 26.0 -39.0 -14.0 -11.0 -19.0 4.0 -21.0 32.0 -20.0 -34.0 -10.0 -11.0 -11.0 7.0 -14.0 31.0 -14.0 0.0 13.0 -13.0 15.0 12.0 12.0 1.0 25.0 5.0 48.0 7.0 62.0
lfw2/Jean-Pierre_Raffarin/Jean-Pierre_Raffarin_0006.jpg 68 68 113 113 0 18 -18.5 -19.5 19.5 -11.5 -17.5 25.5 7.5 30.5 -29.5 -30.5 -6.5 -26.5 14.5 -24.5 38.5 -14.5 -27.5 -17.5 -6.5 -15.5 10.5 -10.5 28.5 -6.5 -4.5 9.5 -13.5 8.5 6.5 13.5 -5.5 27.5 -5.5 32.5 -10.5 57.5
lfw2/Nicole_Kidman/Nicole_Kidman_0010.jpg 72 68 114 114 0 18 -19.0 -19.0 19.0 -6.0 -31.0 20.0 3.0 31.0 -33.0 -34.0 -3.0 -18.0 13.0 -11.0 37.0 -10.0 -31.0 -22.0 -9.0 -12.0 10.0 -8.0 30.0 -2.0 1.0 14.0 -17.0 11.0 5.0 18.0 -9.0 27.0 -14.0 37.0 -19.0 56.0
lfw2/Bode_Miller/Bode_Miller_0002.jpg 86 84 82 82 0 18 -21.0 -14.0 19.0 -9.0 -22.0 27.0 16.0 28.0 -31.0 -21.0 -8.0 -20.0 10.0 -18.0 32.0 -15.0 -30.0 -13.0 -8.0 -11.0 7.0 -9.0 30.0 -7.0 -1.0 10.0 -13.0 11.0 7.0 12.0 -2.0 23.0 -4.0 39.0 -3.0 61.0
lfw2/Mikhail_Kasyanov/Mikhail_Kasyanov_0003.jpg 68 66 118 118 0 18 -22.0 -15.0 20.0 -17.0 -15.0 37.0 19.0 33.0 -41.0 -22.0 -9.0 -25.0 13.0 -24.0 33.0 -24.0 -33.0 -15.0 -11.0 -16.0 10.0 -16.0 29.0 -16.0 11.0 10.0 -7.0 14.0 17.0 10.0 6.0 31.0 6.0 42.0 7.0 61.0
lfw2/Naomi_Watts/Naomi_Watts_0020.jpg 75 71 107 107 0 18 -21.5 -9.5 18.5 -12.5 -16.5 30.5 18.5 26.5 -33.5 -19.5 -8.5 -18.5 7.5 -20.5 33.5 -22.5 -30.5 -7.5 -10.5 -9.5 9.5 -11.5 29.5 -12.5 0.5 6.5 -9.5 14.5 9.5 12.5 0.5 23.5 0.5 45.5 0.5 63.5
lfw2/Lance_Armstrong/Lance_Armstrong_0011.jpg 82 78 92 92 0 18 -25.0 -21.0 19.0 -18.0 -24.0 36.0 17.0 38.0 -34.0 -32.0 -8.0 -32.0 15.0 -31.0 42.0 -25.0 -36.0 -19.0 -11.0 -19.0 9.0 -16.0 35.0 -16.0 -1.0 8.0 -14.0 13.0 12.0 17.0 -2.0 33.0 -2.0 39.0 -5.0 61.0
lfw2/Michael_Powell/Michael_Powell_0001.jpg 76 75 103 103 0 18 -18.5 -13.5 14.5 -9.5 -16.5 27.5 10.5 29.5 -34.5 -22.5 -6.5 -23.5 7.5 -19.5 23.5 -18.5 -28.5 -12.5 -11.5 -10.5 6.5 -9.5 21.5 -6.5 6.5 0.5 -9.5 7.5 9.5 10.5 2.5 20.5 2.5 37.5 2.5 53.5
lfw2/Joseph_Estrada/Joseph_Estrada_0001.jpg 65 68 119 119 0 18 -23.5 -10.5 17.5 -18.5 -7.5 40.5 24.5 32.5 -37.5 -19.5 -14.5 -20.5 2.5 -26.5 31.5 -35.5 -31.5 -7.5 -12.5 -10.5 8.5 -14.5 32.5 -19.5 -2.5 11.5 -9.5 17.5 13.5 12.5 5.5 31.5 12.5 51.5 17.5 68.5
lfw2/Francis_George/Francis_George_0002.jpg 71 66 115 115 0 18 -28.5 -15.5 17.5 -18.5 -15.5 35.5 17.5 34.5 -41.5 -21.5 -16.5 -21.5 9.5 -23.5 32.5 -23.5 -37.5 -13.5 -14.5 -14.5 8.5 -17.5 28.5 -16.5 3.5 10.5 -12.5 15.5 9.5 14.5 1.5 32.5 1.5 41.5 3.5 61.5
lfw2/Junichiro_Koizumi/Junichiro_Koizumi_0003.jpg 70 69 112 112 0 18 -20.0 -10.0 19.0 -15.0 -11.0 41.0 22.0 34.0 -36.0 -16.0 -16.0 -21.0 7.0 -24.0 31.0 -25.0 -31.0 -7.0 -12.0 -11.0 8.0 -13.0 29.0 -14.0 0.0 14.0 -11.0 20.0 12.0 20.0 3.0 35.0 5.0 47.0 7.0 59.0
lfw2/Lucy_Liu/Lucy_Liu_0003.jpg 64 66 116 116 0 18 -21.0 -13.0 23.0 -16.0 -20.0 34.0 25.0 31.0 -42.0 -22.0 -15.0 -23.0 8.0 -25.0 40.0 -26.0 -37.0 -13.0 -13.0 -10.0 12.0 -12.0 35.0 -17.0 -4.0 13.0 -15.0 17.0 13.0 17.0 1.0 29.0 1.0 47.0 3.0 68.0
lfw2/Nicanor_Duarte_Frutos/Nicanor_Duarte_Frutos_0008.jpg 66 64 121 121 0 18 -21.5 -11.5 24.5 -16.5 -16.5 39.5 23.5 34.5 -44.5 -14.5 -17.5 -26.5 6.5 -27.5 33.5 -25.5 -35.5 -7.5 -14.5 -13.5 9.5 -15.5 31.5 -11.5 3.5 9.5 -13.5 16.5 15.5 11.5 5.5 30.5 10.5 47.5 9.5 68.5
lfw2/Ray_Romano/Ray_Romano_0004.jpg 67 69 114 114 0 18 -20.0 -15.0 21.0 -14.0 -23.0 28.0 22.0 28.0 -35.0 -19.0 -9.0 -21.0 7.0 -21.0 37.0 -17.0 -33.0 -12.0 -10.0 -13.0 9.0 -13.0 33.0 -11.0 -2.0 13.0 -14.0 13.0 12.0 13.0 0.0 25.0 0.0 51.0 0.0 66.0
lfw2/Angelina_Jolie/Angelina_Jolie_0002.jpg 68 70 116 116 0 18 -24.0 -16.0 18.0 -14.0 -20.0 26.0 16.0 28.0 -30.0 -30.0 -10.0 -23.0 10.0 -20.0 32.0 -26.0 -34.0 -16.0 -11.0 -12.0 7.0 -12.0 32.0 -12.0 -1.0 10.0 -12.0 14.0 8.0 14.0 -1.0 25.0 -1.0 39.0 -2.0 56.0
lfw2/Billy_Graham/Billy_Graham_0001.jpg 71 68 113 113 0 18 -24.5 -16.5 18.5 -8.5 -29.5 33.5 12.5 41.5 -37.5 -21.5 -8.5 -20.5 9.5 -16.5 32.5 -11.5 -36.5 -14.5 -13.5 -12.5 10.5 -10.5 28.5 -4.5 6.5 5.5 -16.5 9.5 12.5 16.5 -3.5 26.5 -6.5 49.5 -7.5 69.5
lfw2/Noelle_Bush/Noelle_Bush_0003.jpg 71 71 110 110 0 18 -18.0 -14.0 22.0 -14.0 -18.0 32.0 18.0 31.0 -37.0 -21.0 -13.0 -22.0 7.0 -21.0 34.0 -23.0 -32.0 -12.0 -11.0 -12.0 8.0 -12.0 32.0 -11.0 -2.0 9.0 -13.0 12.0 10.0 13.0 0.0 26.0 0.0 44.0 -1.0 61.0
lfw2/Paul_Wolfowitz/Paul_Wolfowitz_0008.jpg 64 63 125 125 0 18 -25.5 -14.5 18.5 -12.5 -23.5 34.5 17.5 36.5 -41.5 -26.5 -10.5 -20.5 10.5 -19.5 33.5 -25.5 -36.5 -13.5 -15.5 -12.5 7.5 -11.5 28.5 -12.5 4.5 11.5 -12.5 13.5 12.5 14.5 0.5 30.5 0.5 44.5 0.5 69.5
lfw2/Anders_Fogh_Rasmussen/Anders_Fogh_Rasmussen_0003.jpg 70 67 113 113 0 18 -23.5 -10.5 20.5 -9.5 -16.5 42.5 16.5 43.5 -40.5 -12.5 -9.5 -24.5 12.5 -21.5 35.5 -8.5 -36.5 -7.5 -12.5 -8.5 8.5 -8.5 32.5 -2.5 6.5 9.5 -8.5 20.5 12.5 21.5 3.5 38.5 4.5 44.5 -0.5 76.5
lfw2/Bob_Hope/Bob_Hope_0006.jpg 65 67 117 117 0 18 -24.5 -9.5 22.5 -10.5 -25.5 27.5 19.5 29.5 -32.5 -19.5 -10.5 -24.5 12.5 -22.5 38.5 -16.5 -33.5 -5.5 -10.5 -9.5 12.5 -9.5 35.5 -6.5 -5.5 3.5 -15.5 10.5 12.5 9.5 -3.5 23.5 -5.5 35.5 -8.5 58.5
lfw2/Laura_Bush/Laura_Bush_0017.jpg 67 70 112 112 0 18 -21.0 -15.0 21.0 -17.0 -21.0 24.0 24.0 24.0 -37.0 -26.0 -10.0 -23.0 6.0 -24.0 37.0 -25.0 -31.0 -15.0 -10.0 -12.0 12.0 -13.0 32.0 -17.0 -7.0 3.0 -16.0 8.0 9.0 10.0 -1.0 23.0 -1.0 36.0 -1.0 56.0
lfw2/Robert_Fico/Robert_Fico_0001.jpg 71 67 113 113 0 18 -26.5 -9.5 18.5 -16.5 -13.5 35.5 22.5 29.5 -42.5 -10.5 -18.5 -20.5 4.5 -23.5 34.5 -21.5 -33.5 -6.5 -12.5 -9.5 6.5 -13.5 31.5 -13.5 -2.5 5.5 -11.5 12.5 11.5 11.5 2.5 26.5 5.5 38.5 7.5 58.5