 103 114 147 111 106 153 147 152 86 107 112 104 134 103 160 102 83 116 95 115 110 114 139 112 155 112 165 112 125 136 117 138 134 138 126 146
 104 112 147 113 109 162 140 161 86 103 120 101 141 103 161 104 81 112 96 112 112 113 140 114 154 113 161 113 133 139 124 143 137 143 130 155
 97 113 150 106 110 162 156 158 77 108 105 101 134 96 167 95 80 119 88 117 107 113 140 109 159 107 173 106 121 136 115 142 134 140 126 156
 105 117 149 118 103 156 146 158 89 105 117 103 138 103 165 107 87 118 97 117 114 117 141 118 158 119 167 121 125 133 117 137 133 138 124 146
 103 115 146 111 109 158 149 156 85 109 111 106 132 103 160 101 86 120 95 117 111 115 138 113 154 111 166 111 125 135 118 140 133 139 127 153
 102 111 146 109 106 156 148 152 86 102 111 103 131 103 162 100 84 111 95 111 110 112 138 111 153 109 167 109 123 136 116 140 133 139 125 153
 102 111 149 112 107 158 141 158 88 101 113 102 139 102 164 103 82 113 93 112 110 112 140 113 158 114 167 114 126 130 120 137 132 137 125 150
 103 110 159 119 98 169 143 177 86 94 119 99 146 104 180 112 81 108 93 109 111 112 149 119 169 122 182 126 123 134 116 143 130 144 120 164
 97 115 138 110 105 155 143 152 84 109 106 106 125 103 152 100 83 118 91 116 105 115 132 112 146 111 159 110 118 133 113 137 128 135 121 147
 101 115 148 114 104 158 146 157 85 104 111 104 136 104 162 102 81 116 93 115 111 114 139 114 155 115 164 115 126 132 118 138 133 137 125 151
 105 113 144 113 110 155 142 154 89 106 113 105 133 105 158 103 88 115 98 114 112 114 136 113 151 113 162 113 123 130 118 135 130 135 125 149
 97 110 146 113 103 161 140 162 80 99 112 97 136 99 165 105 75 112 89 110 107 111 139 113 156 115 167 117 125 129 119 137 129 138 124 152
 107 115 148 112 116 162 147 160 91 110 115 110 135 108 162 105 91 116 100 116 113 116 142 114 155 112 166 110 127 145 120 146 138 145 129 158
 105 112 149 114 104 158 147 159 88 104 118 101 138 102 165 105 84 112 98 113 113 113 142 114 156 114 167 115 130 137 121 140 137 141 127 152
 107 117 146 112 116 158 146 153 92 110 115 105 134 103 158 100 89 121 100 118 114 116 139 113 152 112 162 110 130 130 124 135 136 133 131 147
 107 115 145 116 104 152 144 153 94 106 116 105 134 106 158 106 92 116 99 116 115 116 138 116 154 117 159 117 122 135 115 134 131 134 123 145
 101 111 149 113 100 152 147 152 86 99 114 104 138 105 166 104 81 111 94 111 110 111 141 113 157 114 167 115 126 132 117 136 134 137 124 150
 102 115 145 110 114 157 150 153 87 110 111 107 133 104 159 99 88 119 95 117 112 115 137 112 154 110 164 108 125 138 120 141 134 139 129 152
 103 113 147 109 103 154 148 152 85 108 115 105 135 103 160 102 80 115 94 114 110 113 140 111 154 110 163 109 129 137 119 140 137 140 128 151
 105 112 145 109 108 159 143 156 88 106 114 103 131 102 159 102 85 115 96 113 111 113 138 111 152 110 163 108 123 134 117 138 131 137 125 152
 105 109 145 114 103 153 135 157 91 99 119 100 135 103 161 108 87 109 98 109 114 110 138 114 152 116 160 119 126 130 118 135 130 137 122 149
 102 113 147 110 111 166 144 164 84 106 110 104 134 103 164 102 82 116 93 114 110 114 139 112 156 111 168 110 124 137 118 142 132 142 126 157
 109 117 147 120 107 161 140 164 94 107 119 109 135 110 162 112 94 116 100 117 115 119 140 121 154 121 166 123 121 145 115 146 130 147 121 160
 97 117 147 113 105 165 149 161 79 110 110 103 132 101 163 102 78 123 88 119 107 115 137 113 156 114 166 114 125 126 118 134 133 133 127 152
 102 116 143 112 111 159 144 155 87 109 112 107 131 104 158 102 85 119 96 117 110 116 137 113 151 112 164 111 124 132 119 139 130 138 126 151
 108 115 146 114 111 156 142 155 92 109 115 108 134 106 159 105 90 118 100 117 115 116 138 115 153 115 163 115 124 135 118 138 132 137 125 150
 108 112 148 116 107 152 141 155 96 101 118 104 142 107 163 109 91 110 101 112 116 113 141 117 155 118 164 119 127 139 120 140 133 142 126 152
 94 113 134 112 97 155 132 154 77 107 105 104 122 103 149 105 76 115 86 114 100 113 128 113 142 113 153 113 112 134 106 137 119 137 113 149
 102 112 150 115 108 163 140 165 88 102 116 101 139 103 165 106 82 116 94 114 112 113 141 115 159 118 168 121 126 130 119 136 131 137 125 152
 102 112 146 114 104 160 140 161 87 106 116 103 137 104 161 108 84 113 96 112 110 113 138 114 152 115 159 117 130 131 120 138 134 139 125 155
 104 114 146 113 106 158 141 159 88 106 117 105 137 104 161 104 84 115 96 115 112 115 140 115 154 114 163 114 127 134 118 137 134 138 125 151
 105 114 142 112 111 155 140 155 91 108 113 106 130 104 156 104 91 116 99 115 111 115 135 114 149 113 161 112 120 134 115 137 128 137 123 147
 104 114 149 114 104 158 149 156 86 106 116 102 134 102 166 104 84 118 95 116 113 114 140 114 158 116 169 117 125 132 118 137 133 137 126 151
 100 114 148 110 106 167 146 164 83 108 109 102 134 99 164 101 81 119 91 117 109 115 138 112 156 111 169 112 121 129 116 138 129 137 123 153
 107 110 149 112 108 157 143 158 92 101 120 101 137 102 167 106 90 110 99 110 114 113 142 114 158 114 170 116 124 136 118 139 133 140 126 151
 105 111 145 115 102 152 141 155 91 102 115 103 133 106 159 108 87 112 97 112 112 113 138 116 153 117 163 118 122 132 115 135 129 136 121 147
 104 110 145 113 103 151 140 153 88 99 116 100 135 101 161 105 86 109 97 110 111 111 139 113 152 114 162 115 124 133 117 136 130 137 123 148
 105 109 147 117 100 154 136 159 93 97 121 101 140 103 165 111 88 106 99 108 114 111 141 117 154 118 164 121 125 131 118 135 130 138 119 150
 108 110 148 114 108 151 142 156 96 101 119 103 139 106 163 107 93 108 102 110 115 112 142 115 155 116 166 117 124 136 118 138 132 139 125 150
 103 114 149 109 106 155 154 150 84 108 110 101 136 99 163 99 84 118 94 116 110 114 140 111 157 109 168 110 128 133 119 137 137 136 129 146
 108 112 147 112 112 162 143 162 89 107 120 104 138 104 162 106 88 113 99 113 116 113 140 113 155 113 163 113 131 137 124 141 137 141 130 157
 99 107 145 114 98 157 136 163 85 97 113 99 135 103 162 107 82 107 91 107 108 110 137 115 154 116 166 119 119 131 113 137 126 138 117 154
 104 109 147 118 98 158 135 165 90 98 117 103 135 108 166 113 88 108 97 109 111 112 140 118 156 121 169 124 116 140 110 142 125 144 115 157
 100 115 150 111 107 170 151 166 82 107 110 102 136 101 165 99 79 119 92 116 109 115 141 112 158 111 169 110 130 135 120 144 138 142 128 161
 106 109 147 112 108 158 138 159 90 100 120 100 139 102 162 105 86 109 98 110 114 111 139 112 155 113 162 114 129 136 121 140 134 141 126 154
 100 112 147 110 107 163 145 163 84 105 110 104 133 102 166 102 86 114 93 113 107 112 140 111 156 111 171 111 119 140 112 142 131 141 121 161
 104 109 147 109 107 160 144 160 88 102 116 99 138 99 164 101 86 109 97 109 112 110 141 110 155 110 165 110 127 136 118 139 135 140 126 150
 102 111 148 110 107 165 147 163 84 104 114 100 135 100 164 102 81 114 94 113 110 112 141 111 156 111 167 112 128 133 120 140 136 140 128 155
 107 110 152 113 102 151 151 153 90 102 119 102 139 104 169 109 88 110 99 110 115 111 144 114 159 114 172 117 126 140 118 141 136 142 126 152
 112 112 149 116 113 156 140 159 98 102 125 103 140 106 164 110 94 112 105 112 119 113 143 116 155 117 166 119 131 132 123 137 135 138 128 151
 104 111 148 113 103 161 143 161 87 105 114 104 134 106 165 108 84 114 95 113 111 114 140 115 156 115 169 117 123 133 117 140 129 140 123 154
 112 113 154 115 112 149 151 149 100 104 124 104 145 105 167 106 96 113 106 114 120 114 147 115 161 116 169 117 134 136 126 138 141 139 133 146
 106 109 150 111 108 157 139 161 92 99 119 102 139 103 165 103 87 109 99 109 113 110 143 112 157 113 168 114 126 132 120 137 132 137 124 152
 104 115 147 110 109 156 149 153 86 108 114 100 134 99 161 101 84 120 96 117 113 114 139 111 154 111 162 112 130 132 122 138 137 137 130 150
 103 111 150 112 99 154 149 154 85 99 115 103 139 103 166 101 80 110 94 111 111 113 142 113 159 113 168 113 127 146 116 143 138 144 125 153
 106 108 149 111 106 154 140 157 90 98 120 101 137 103 164 104 86 107 99 107 113 109 142 112 156 113 166 114 127 133 118 136 135 138 125 151
 104 110 140 111 105 147 139 147 94 103 111 100 134 100 153 102 92 113 98 112 111 111 134 112 148 112 155 112 121 128 115 129 127 129 121 137
 102 110 149 111 106 162 144 161 83 104 114 102 137 103 166 105 79 113 93 112 110 112 141 113 157 113 168 115 128 141 118 144 135 145 126 159
 103 104 153 103 108 156 150 155 83 97 119 94 138 95 170 96 81 106 93 105 114 105 144 104 163 105 173 105 132 132 123 136 139 136 131 153
 102 114 147 110 109 163 147 160 83 107 111 105 131 101 162 99 81 117 93 116 109 114 137 111 154 110 165 107 124 136 118 141 133 140 127 157
 104 115 144 112 104 152 148 149 88 106 112 103 132 103 157 101 85 117 96 116 111 116 137 114 151 112 160 111 125 133 118 136 133 136 125 143
 107 109 154 113 103 149 147 154 92 97 119 100 143 102 171 105 89 108 100 109 115 110 147 114 162 115 173 116 127 141 117 141 137 143 125 151
 106 110 147 116 106 153 140 156 92 99 119 102 137 105 162 109 89 109 99 110 113 112 140 116 153 117 163 118 126 136 119 139 133 141 125 152
 107 117 147 110 118 164 149 158 88 113 116 108 135 105 160 101 87 121 98 118 115 117 140 112 155 110 164 109 132 138 125 142 139 141 134 156
 99 115 142 114 105 163 137 164 83 107 106 108 129 107 155 106 84 116 91 115 106 115 133 115 149 114 160 114 114 138 108 142 124 142 117 158
 103 111 146 116 102 150 140 154 91 100 116 105 136 108 162 109 88 109 97 110 113 112 139 116 155 117 163 118 122 137 116 138 130 139 121 147
 104 115 147 116 105 159 146 158 88 108 115 109 135 109 162 108 86 116 96 116 112 116 139 116 156 116 164 116 125 141 118 143 134 143 125 156
 109 110 148 114 103 156 141 159 93 101 122 100 139 101 163 106 90 111 102 111 116 112 142 114 154 115 162 116 127 133 118 136 133 137 123 146
 99 113 143 111 108 160 142 156 83 106 111 104 132 102 159 103 81 117 91 115 108 113 136 112 152 112 161 111 126 131 119 138 133 137 125 154
 106 116 144 112 109 156 146 152 89 111 116 108 133 106 155 102 86 119 99 118 113 117 137 114 151 111 158 111 129 144 120 144 137 143 129 152
 97 110 145 108 104 165 143 164 78 106 105 102 130 100 161 99 76 114 88 112 105 112 136 109 153 108 165 107 119 139 111 142 130 142 121 160
 102 114 145 114 108 163 143 163 85 105 112 105 133 106 162 106 86 115 93 115 111 115 137 115 155 115 165 115 122 139 115 143 130 143 124 159
 103 110 146 112 107 156 141 156 88 102 115 103 137 104 161 104 84 111 96 111 112 111 139 112 154 113 163 112 128 133 121 137 133 138 126 149
 111 116 154 115 109 157 156 156 93 108 122 107 141 107 167 106 91 117 102 116 118 117 147 116 161 115 169 115 136 143 126 145 144 145 134 154
 107 112 149 114 107 162 145 161 89 105 118 104 137 106 161 106 84 114 98 113 113 114 142 115 155 115 164 116 130 134 121 141 137 142 128 154
 104 115 149 110 112 167 151 163 82 111 110 105 133 101 164 98 85 120 93 118 111 116 139 112 157 109 170 107 124 140 118 144 134 142 128 160
 106 113 149 115 102 153 146 154 89 106 116 103 138 103 161 107 86 116 97 114 113 114 141 115 155 116 164 118 127 137 118 139 135 141 125 151
 103 113 146 110 107 154 148 152 86 108 113 103 135 102 161 102 85 117 95 115 110 114 139 112 155 111 165 112 126 133 118 136 135 136 127 145
 104 113 151 112 110 160 147 159 87 105 117 103 138 103 167 103 83 116 95 114 113 113 143 113 159 113 170 115 129 136 121 140 137 140 129 154
 104 112 148 116 103 155 139 158 90 103 116 104 135 106 161 107 87 114 95 114 113 114 139 116 156 118 164 120 123 134 116 137 129 138 121 151
 106 112 148 109 112 161 148 158 88 108 118 103 138 102 161 101 85 116 97 114 114 113 140 111 156 109 162 109 133 138 124 141 140 141 132 153
 105 115 146 110 111 165 149 161 87 108 116 105 138 102 161 99 83 118 97 116 113 115 140 112 154 110 161 109 134 139 124 141 141 140 132 155
 101 113 144 108 101 147 150 143 83 104 108 95 133 93 155 94 82 116 93 115 108 112 137 109 151 108 159 108 124 129 115 133 134 132 125 138
 102 115 148 112 108 165 145 163 85 105 113 103 134 101 163 100 83 117 94 117 111 115 139 113 157 113 167 111 124 135 117 140 133 139 125 155
 106 108 152 115 101 154 143 159 91 96 120 95 142 99 168 106 86 108 98 109 114 111 145 115 161 117 170 119 127 140 117 140 134 142 124 149
 106 111 150 116 100 152 144 156 90 99 118 103 139 104 167 107 87 109 98 111 113 113 143 116 159 117 171 119 123 139 115 140 132 142 122 151
 99 109 144 106 105 156 147 156 82 104 110 98 133 96 160 97 82 113 91 111 107 110 137 108 153 107 164 108 122 132 115 136 131 136 124 150
 106 116 141 115 106 154 142 153 92 108 114 106 131 104 153 103 91 117 100 116 112 116 136 115 148 114 158 115 121 132 115 135 130 135 123 145
 102 113 145 110 109 161 145 159 84 107 114 106 135 104 161 100 81 115 93 114 110 114 139 112 153 110 163 109 128 139 119 141 137 141 128 155
 105 119 144 116 107 159 144 157 89 113 116 109 133 108 157 108 87 121 97 120 112 119 138 117 151 117 161 118 126 135 119 139 133 139 126 151
 108 110 146 114 108 154 139 156 93 100 121 102 136 104 163 108 91 109 102 110 114 112 141 114 153 116 164 117 126 132 119 136 132 137 125 149
 109 108 148 110 108 139 144 142 97 97 119 94 142 94 160 99 93 108 103 108 116 108 142 110 155 111 162 111 128 121 122 124 133 124 126 131
 102 113 145 111 110 160 145 158 85 107 113 102 136 101 161 101 83 116 95 114 110 113 138 112 152 111 163 111 128 134 122 139 133 139 128 154
 111 109 152 115 108 149 145 153 98 98 122 101 141 104 167 108 95 108 104 109 118 111 145 115 159 116 170 118 128 134 121 137 135 138 126 147
 107 111 146 116 105 154 136 157 93 101 118 103 137 106 160 109 88 109 100 110 113 112 139 116 152 117 162 118 124 137 117 138 130 140 123 150
 107 113 147 115 104 153 143 154 91 103 116 106 135 108 162 108 89 112 99 113 115 114 139 116 155 116 164 117 124 138 117 140 131 140 123 151
 102 111 152 115 104 160 141 163 87 99 116 102 140 104 168 106 82 111 94 112 111 112 143 115 160 117 172 118 125 141 116 142 132 143 123 156
 104 115 147 112 112 164 144 163 87 111 112 106 131 104 162 104 89 119 96 117 111 116 139 114 155 113 169 113 120 135 117 141 129 141 124 156
 103 117 147 109 110 160 153 155 84 113 112 105 134 101 162 98 84 122 95 119 111 117 139 112 156 109 166 108 127 139 120 142 137 141 130 153
 103 110 144 111 105 157 140 158 88 103 115 102 134 102 159 103 85 112 96 112 111 112 137 113 153 113 161 113 123 135 116 138 129 138 122 149
 101 115 148 108 116 167 152 161 80 110 110 106 135 104 164 98 80 120 93 117 110 115 140 111 156 108 169 105 131 139 123 142 140 141 133 159
 104 110 154 112 110 165 145 167 88 99 117 104 138 105 173 104 85 111 95 110 113 111 145 113 163 113 177 114 125 141 118 145 134 146 125 162
 104 115 148 112 111 163 143 162 87 109 111 106 132 104 162 104 86 119 95 116 111 115 139 114 155 113 169 113 119 134 115 140 128 139 123 157
 103 115 145 113 111 157 142 155 88 106 115 106 135 106 157 102 84 117 95 116 112 115 137 114 154 114 161 114 128 137 120 139 134 139 128 150
 108 113 150 115 110 158 142 158 92 105 121 105 140 107 162 107 88 114 99 114 116 114 142 115 158 116 164 116 131 142 122 143 137 143 129 155
 108 108 149 112 107 151 143 155 96 98 120 103 138 104 164 103 90 108 101 108 116 110 141 113 156 113 169 114 124 135 119 137 131 138 124 150
 105 114 147 110 107 154 146 152 88 105 116 105 136 103 161 99 84 114 98 114 112 114 140 111 154 110 164 109 129 139 120 140 137 140 128 151
 102 109 150 113 100 155 144 158 88 97 113 102 141 104 165 103 84 108 93 109 111 111 141 113 159 114 168 115 122 135 115 139 130 140 122 153
 109 115 152 112 110 158 154 156 91 109 120 105 141 105 167 104 89 117 101 116 117 116 145 114 160 113 170 113 134 136 126 140 141 140 133 149
 98 109 145 115 100 157 135 161 84 97 113 99 134 102 163 107 79 109 91 109 106 110 138 115 153 117 166 120 119 137 113 141 127 143 118 155
 104 112 148 113 108 158 143 158 88 101 116 102 137 102 164 102 83 113 96 113 112 112 140 113 157 114 167 115 127 131 120 136 132 136 126 149
 103 113 150 113 105 156 147 156 86 103 115 103 140 105 166 104 83 113 93 113 114 113 141 113 160 114 167 114 128 138 119 140 137 141 127 154
 106 110 145 110 108 154 143 153 90 104 118 101 136 102 159 103 89 113 98 111 114 112 137 112 154 111 162 111 128 130 121 134 134 134 127 146
 105 114 145 116 104 156 141 158 88 103 117 101 135 103 160 108 85 112 97 113 112 114 138 116 152 117 162 117 125 135 118 138 131 139 124 151
 101 112 144 113 104 159 140 161 87 103 110 107 129 106 160 105 87 111 94 112 108 113 136 114 152 114 165 113 113 140 108 141 125 142 117 157
 104 112 150 115 110 167 145 169 88 106 118 106 138 106 168 108 87 114 97 113 113 114 143 116 158 116 171 117 126 139 119 144 134 144 126 161
 105 116 146 114 108 160 145 158 90 108 115 105 134 104 162 105 89 118 98 117 111 116 139 115 153 115 166 115 124 131 118 138 131 137 124 152
 103 111 147 112 104 163 146 164 84 104 115 102 137 103 164 104 83 113 94 112 112 114 140 114 156 113 165 114 128 140 119 144 135 144 126 159
 103 111 148 110 105 151 150 150 86 102 112 99 136 99 164 100 85 112 95 112 111 111 140 111 156 111 167 110 125 133 118 137 133 136 126 145
 101 111 147 114 97 152 146 153 84 99 113 101 136 103 163 105 80 111 93 111 111 112 138 114 155 115 163 116 127 138 116 139 134 140 123 150
 108 116 148 116 114 157 142 155 95 109 120 110 136 109 159 106 91 116 102 117 115 117 141 117 154 116 164 114 129 139 123 141 136 141 129 150
 103 111 146 113 104 162 141 164 86 104 111 102 131 103 162 106 85 113 94 113 110 113 137 114 154 114 166 115 118 140 112 143 127 144 120 158
 107 111 150 115 107 158 142 161 91 101 119 100 137 102 166 107 88 111 100 112 114 112 142 115 156 117 169 118 125 132 119 137 132 138 124 152
 104 114 148 112 110 160 144 158 88 107 113 102 136 101 163 103 87 119 95 116 112 114 139 113 157 113 167 114 124 130 119 137 131 136 126 150
 101 113 144 109 109 161 146 157 83 105 112 98 133 97 159 98 80 115 93 114 109 113 137 110 151 109 160 107 127 132 120 138 134 137 128 151
 105 116 147 114 112 162 145 160 89 110 116 109 137 107 162 107 85 118 97 117 113 116 140 116 155 115 165 115 129 137 123 141 135 141 129 156
 105 109 149 110 105 155 147 154 91 101 116 95 138 96 162 99 89 114 97 111 114 109 140 109 158 111 165 113 128 111 122 122 134 122 126 138
 106 112 150 115 110 164 140 165 90 103 114 102 137 103 165 107 88 113 98 113 113 114 141 115 156 116 169 117 122 132 118 140 128 140 123 156
 105 109 150 114 103 158 140 162 89 99 119 98 140 101 167 107 84 110 97 110 113 111 143 115 158 116 167 118 127 131 118 137 133 138 123 152
 103 116 136 111 112 151 135 148 91 113 108 107 125 103 146 102 91 120 97 118 109 116 129 113 142 111 151 110 119 125 115 131 124 130 121 139
 102 114 149 111 104 160 151 159 84 106 114 101 134 100 167 102 83 117 95 115 111 114 141 113 158 112 171 113 124 133 118 138 133 138 126 151
 107 111 149 109 113 155 150 153 92 106 116 103 135 102 162 101 90 114 100 113 114 113 142 111 155 110 167 109 127 138 120 140 137 139 130 152
 105 113 150 114 109 156 146 158 90 103 117 103 139 103 167 105 88 114 98 114 113 114 143 115 159 116 170 117 126 135 120 139 133 139 126 153
 102 112 145 110 105 155 145 153 86 102 112 103 133 101 158 98 83 112 95 112 110 112 137 111 153 110 161 108 124 142 115 140 134 140 125 150
 103 114 147 111 111 160 149 157 86 108 113 107 134 104 161 101 84 117 96 115 111 114 140 112 155 110 165 109 128 137 121 141 137 140 130 154
 99 116 147 108 107 160 152 153 81 111 110 107 133 104 161 98 80 122 91 119 109 116 139 110 156 108 164 106 130 137 120 142 139 140 130 151
 103 110 147 109 107 156 147 155 85 104 113 100 135 98 164 100 86 113 95 112 112 111 139 111 156 110 166 109 124 135 118 139 132 139 125 151
 102 112 152 115 102 162 150 163 82 103 117 99 139 101 173 108 80 115 93 114 112 113 144 115 163 117 174 120 130 135 121 141 136 142 128 152
 107 115 148 113 115 164 147 162 91 110 115 109 136 108 162 106 89 118 100 117 114 116 141 115 155 114 166 113 128 137 122 141 135 140 130 157
 106 111 149 112 101 152 146 154 88 103 117 101 137 103 163 106 85 112 97 111 114 113 141 113 156 114 165 115 128 136 120 139 135 140 126 149
 107 109 143 108 113 149 142 146 92 102 117 101 135 100 156 99 89 112 101 110 113 110 138 109 149 109 158 109 130 125 124 129 135 129 129 142
 103 113 145 109 109 153 150 150 86 106 113 103 132 102 158 100 83 115 95 114 109 113 139 111 153 110 164 110 126 140 119 141 136 139 129 152
 103 112 146 109 112 155 149 152 87 107 111 100 140 99 161 100 87 117 95 115 113 113 139 111 156 111 163 111 131 131 124 136 137 136 131 148
 103 113 152 114 107 157 149 158 86 103 114 102 139 102 167 104 82 114 94 114 112 114 142 114 160 115 172 114 126 137 119 141 134 141 127 152
 101 111 143 108 107 158 143 155 84 105 109 102 130 102 157 101 82 114 93 112 108 112 135 110 150 108 160 108 123 135 116 139 131 138 124 151
 105 115 146 112 112 156 146 153 89 108 115 109 138 107 159 102 85 115 98 116 112 115 140 113 152 111 161 108 131 145 121 144 139 144 131 154
 105 108 146 112 104 146 139 149 91 98 114 99 138 102 160 105 88 108 97 109 113 110 138 113 154 114 162 115 122 129 117 132 128 133 122 144
 106 117 147 114 107 159 151 156 89 110 116 107 135 105 161 104 87 120 98 118 113 118 139 116 154 114 163 114 127 142 119 144 137 143 128 154
 101 116 146 116 107 162 144 162 86 107 115 106 134 106 162 106 84 118 95 117 111 116 139 116 155 117 165 116 125 134 118 139 132 139 125 156
 102 114 146 112 102 157 147 156 83 107 111 103 133 103 162 104 82 117 93 115 111 114 138 113 154 113 165 113 124 136 116 140 133 140 124 150
 109 121 144 119 107 153 147 152 94 114 117 109 134 108 156 111 93 123 103 122 116 122 138 121 151 120 159 121 126 140 119 141 133 141 126 147
 100 118 146 112 110 164 146 161 82 110 109 105 132 101 161 98 81 122 92 120 108 116 138 113 155 112 168 110 123 129 117 137 132 135 126 152
 101 114 145 109 110 161 147 158 82 109 110 106 131 104 160 100 84 118 91 116 109 114 136 111 154 109 164 107 123 137 117 141 133 139 126 157
 105 113 147 111 108 160 143 159 88 106 116 104 136 104 162 103 85 115 97 114 114 114 139 113 154 112 164 112 128 138 121 142 133 142 127 155
 105 111 148 112 109 162 139 164 89 102 115 106 135 106 164 105 85 111 97 111 112 112 139 113 155 113 167 113 122 138 116 142 131 142 123 158
 105 112 148 115 104 161 139 164 89 103 117 106 136 107 164 109 86 112 97 113 112 114 139 116 155 117 166 118 122 140 115 142 129 143 121 157
 101 112 144 107 106 154 148 151 84 104 111 100 130 97 158 96 83 115 94 113 109 112 137 109 151 107 162 106 124 134 117 137 134 137 126 148
 104 113 143 112 108 152 142 152 89 105 112 106 127 104 157 104 91 115 97 114 111 114 135 113 150 113 162 113 118 135 113 137 128 137 121 150
 105 111 148 111 108 159 144 158 88 103 117 101 137 102 161 103 84 113 97 111 112 112 140 112 154 112 162 113 130 129 123 137 136 138 129 151
 104 110 149 111 108 163 143 164 87 103 119 104 141 105 165 103 83 111 95 111 114 112 142 112 159 112 164 112 133 143 123 144 140 144 130 162
 105 115 150 117 103 161 148 162 88 106 117 104 138 106 166 108 87 116 97 115 115 116 141 117 159 118 168 118 126 138 119 141 134 142 126 154
 102 113 145 111 107 155 144 154 86 106 114 106 131 105 160 103 84 114 93 114 110 113 138 112 154 112 164 111 123 138 116 140 132 139 125 153
 107 114 145 113 110 161 142 160 91 107 117 104 135 104 158 104 88 117 99 115 114 115 138 115 153 114 161 115 129 135 123 138 134 139 127 151
 101 114 145 109 111 162 146 159 84 107 110 104 129 102 161 101 82 118 93 115 108 114 137 111 153 110 167 109 121 136 116 141 131 140 126 155
 101 110 149 114 93 156 147 159 84 98 116 92 140 94 167 105 81 112 93 110 109 111 143 113 157 116 166 119 124 133 114 137 132 138 121 150
 105 116 147 114 108 159 146 159 89 110 116 107 132 106 161 105 88 119 98 118 113 118 139 116 155 115 167 116 124 135 117 140 133 140 126 153
 106 114 144 111 115 159 144 156 90 108 116 105 135 104 158 101 87 117 99 115 113 114 138 112 151 110 160 110 131 135 124 139 137 138 131 152
 105 110 152 112 102 153 150 156 87 100 116 102 136 102 169 103 86 111 97 110 114 112 143 113 160 114 173 114 122 139 114 140 133 141 123 152
 101 114 150 116 106 168 141 170 84 105 116 104 138 105 166 108 81 117 92 116 111 115 141 117 159 118 167 120 127 131 121 143 131 142 125 160
 109 112 156 111 111 160 151 159 92 101 121 103 143 103 171 102 89 112 100 112 117 112 148 112 164 112 173 113 132 139 123 142 142 142 132 156
 107 112 148 114 105 154 142 155 92 101 119 102 133 103 163 105 90 113 100 112 113 113 142 115 156 116 169 117 120 133 115 136 129 137 122 146
 88 116 139 111 97 158 140 155 71 106 97 105 121 101 156 98 72 120 81 118 96 115 131 112 147 112 163 110 109 136 103 140 121 139 113 150
 106 109 149 116 103 152 137 156 94 98 118 104 141 108 162 109 90 107 99 109 114 111 141 116 156 118 163 119 124 134 118 137 130 138 122 150
 105 117 147 110 116 165 149 161 88 114 111 108 132 102 160 101 90 123 97 120 112 117 139 113 154 110 166 109 125 131 121 139 133 137 129 154
 102 115 143 109 104 152 147 148 87 108 111 106 130 103 157 101 84 118 95 115 109 115 136 111 150 109 160 110 124 134 117 138 132 136 124 145
 105 113 148 112 108 159 144 160 89 107 114 104 134 102 165 106 89 115 97 114 113 113 139 113 156 113 168 114 121 133 116 138 129 138 122 154
 96 115 146 112 100 167 146 164 78 109 110 108 131 106 166 103 77 118 87 117 105 116 138 114 155 112 170 113 119 146 110 148 129 147 120 161
 104 116 148 112 113 169 149 166 86 110 115 107 134 104 166 104 86 119 96 117 112 116 141 114 158 112 172 112 125 143 119 147 135 146 129 161
 109 113 147 111 111 149 146 147 96 107 117 104 139 101 159 102 93 117 102 115 116 113 140 112 155 112 162 112 129 119 124 127 134 126 129 138
 104 114 144 116 106 161 136 163 89 103 116 108 134 109 160 108 85 114 96 114 112 115 137 117 153 118 162 118 122 140 116 142 130 142 122 158
 105 113 147 115 107 155 140 157 92 104 118 105 138 105 160 105 87 114 98 114 114 113 139 114 154 115 161 115 126 137 119 138 133 139 124 153
 102 111 155 112 108 169 148 167 84 101 114 98 138 99 174 101 81 114 93 112 111 112 145 112 163 113 179 114 124 131 118 139 132 139 126 157
 107 108 146 111 106 155 138 157 93 99 121 100 137 101 160 105 89 108 100 108 114 110 140 112 153 113 159 115 128 133 120 136 133 137 125 150
 106 110 151 111 103 155 149 154 87 102 114 102 138 103 165 102 84 111 96 111 112 111 142 112 159 111 169 112 127 138 119 140 136 141 127 153
 107 111 149 115 104 156 141 159 93 97 121 99 139 103 164 106 87 110 99 111 115 113 142 116 158 117 165 119 127 136 118 138 135 139 124 148
 105 115 148 108 116 159 151 158 88 108 113 105 136 100 163 97 88 118 98 116 112 114 141 110 156 108 168 107 125 143 118 143 136 142 130 156
 105 113 148 111 110 153 148 153 89 105 115 107 136 106 163 103 86 114 97 113 114 113 141 113 156 112 168 111 128 139 120 141 136 140 128 150
 110 112 154 109 111 155 156 153 93 106 119 106 140 104 168 100 90 114 101 114 117 114 145 112 162 110 174 110 129 143 120 142 141 142 132 153
 101 109 151 116 98 157 140 163 84 94 116 95 141 98 171 106 80 108 92 109 111 110 142 115 161 118 172 121 123 129 115 135 129 137 120 150
 103 112 147 108 108 164 148 159 81 108 111 102 135 101 162 101 80 116 92 114 111 113 138 110 155 109 164 109 130 137 122 142 137 141 129 158
 99 113 153 115 96 158 149 160 83 100 113 99 139 100 171 105 80 114 91 113 110 112 143 114 162 117 174 119 123 133 114 139 133 140 121 152
 101 115 148 111 107 165 148 163 82 107 112 103 132 101 165 101 80 119 92 117 109 115 139 112 156 112 169 112 124 137 116 141 133 139 126 154
 103 113 146 113 106 160 148 158 86 107 113 103 135 104 162 104 85 117 96 115 111 115 139 115 153 114 164 115 129 137 120 141 136 140 128 154
 100 112 148 111 105 160 147 159 83 103 112 101 135 102 162 100 80 116 92 114 109 113 140 112 157 113 166 112 127 131 119 138 135 137 126 152
 101 117 145 110 111 162 151 155 81 113 110 106 133 103 159 99 81 122 93 119 109 116 138 112 153 109 161 108 131 141 122 143 139 141 132 154
 108 112 149 112 106 160 145 160 91 105 121 103 138 104 162 106 88 112 100 112 115 113 142 114 156 113 162 114 132 142 121 143 139 144 128 157
 105 110 148 114 104 155 140 158 90 99 113 101 137 103 163 107 87 110 96 110 111 111 140 115 155 116 167 118 121 133 115 136 129 137 121 151
 103 114 146 111 111 162 145 159 85 108 112 104 132 102 162 103 85 118 94 116 110 114 138 112 155 112 167 112 122 130 117 136 129 136 125 152
 104 109 144 111 105 154 139 156 89 100 114 102 133 103 160 103 87 108 96 109 112 111 136 112 152 112 163 112 121 137 114 138 128 138 121 151
 103 113 148 118 100 153 142 156 89 101 116 103 138 106 163 108 85 112 96 113 111 113 141 117 156 119 165 120 123 139 114 140 130 141 121 153
 104 114 149 110 113 160 149 157 88 107 113 106 134 103 164 100 87 116 97 116 112 115 141 112 156 110 170 109 126 138 120 142 135 141 129 155
 103 117 146 110 113 161 152 156 86 112 112 106 134 103 159 99 85 121 96 118 111 117 139 112 154 109 164 107 130 135 123 140 138 138 132 151
 102 114 144 112 109 165 140 162 84 107 111 106 134 104 157 101 80 117 92 116 109 115 136 113 153 112 161 111 124 139 117 142 132 141 125 156
 103 114 147 114 107 161 142 162 87 106 113 108 134 108 163 106 84 114 95 114 111 114 139 115 155 115 167 114 123 141 116 143 131 143 123 157
 104 113 144 111 111 156 143 155 87 107 115 105 133 104 157 102 85 116 96 114 111 114 137 112 151 111 160 110 128 136 120 139 134 139 128 152
 106 116 143 115 113 159 143 156 91 110 115 106 133 106 155 107 88 119 99 117 113 116 136 115 149 115 158 115 129 129 123 135 134 135 129 150
 105 112 149 114 102 155 147 155 91 101 116 103 135 103 161 103 87 112 98 112 111 113 142 115 155 115 166 115 124 139 115 141 134 142 124 150
 104 111 144 110 109 157 143 156 88 102 116 103 136 102 161 102 85 111 97 111 111 112 139 112 153 111 164 112 127 135 120 137 133 138 127 152
 98 112 149 114 103 167 143 168 81 101 112 105 139 106 167 102 76 112 89 113 108 113 141 114 160 115 170 114 126 139 118 144 134 144 125 161
 109 115 149 108 119 157 152 153 93 112 114 109 136 105 162 99 93 120 101 118 115 116 141 111 157 108 169 105 126 138 122 140 136 138 132 152
 105 116 147 113 109 151 149 150 90 110 111 103 135 99 160 102 91 121 97 119 113 116 139 114 156 114 168 113 123 118 120 127 129 126 126 138
 106 113 149 114 106 155 148 155 90 104 118 101 139 102 164 105 88 115 99 114 116 114 142 115 158 115 165 117 129 136 120 139 137 139 128 150
 106 111 144 109 109 152 144 150 90 105 115 105 135 104 157 101 87 112 99 112 113 112 138 111 150 109 159 109 129 138 120 139 136 138 127 149
 101 116 144 108 113 160 149 153 84 110 111 105 133 101 157 96 80 120 93 118 109 116 137 110 152 108 162 105 128 137 120 141 137 138 130 153
 104 115 148 111 112 157 151 154 87 107 112 104 136 102 164 100 86 118 96 116 112 114 140 112 157 111 168 109 127 132 121 137 135 135 130 150
 102 116 145 115 105 162 145 160 84 108 114 106 135 107 160 107 81 119 93 117 111 117 138 117 154 116 162 117 129 134 121 140 134 140 127 154
 103 110 148 111 102 155 148 154 88 100 114 98 137 100 165 103 86 111 96 110 111 111 141 111 156 112 165 112 126 135 115 136 136 137 125 146
 103 115 149 109 108 157 156 151 86 107 113 103 136 101 163 96 83 119 95 117 112 115 142 111 157 108 166 108 130 139 119 141 141 139 132 151
 101 116 144 110 110 161 148 156 84 112 110 109 132 106 158 102 86 120 93 118 110 116 136 112 153 111 161 110 125 139 118 142 134 140 127 156
 107 109 150 116 104 153 139 159 94 98 120 100 139 103 168 109 92 108 101 109 115 111 144 116 159 119 171 121 120 137 113 138 129 141 119 147
 107 115 146 113 112 157 147 155 91 108 116 106 134 104 160 104 89 118 100 116 114 116 139 114 153 114 165 113 127 137 120 140 135 139 129 152
 103 116 143 113 109 154 143 152 89 109 111 103 134 102 158 104 87 121 96 118 111 116 136 114 152 115 161 116 123 128 118 133 128 133 125 143
 103 113 148 113 104 155 147 155 86 104 115 102 134 102 165 104 85 115 95 114 112 114 140 113 156 114 167 114 124 137 117 141 133 141 124 151
 108 116 147 112 111 155 149 151 90 111 115 105 136 103 159 104 88 121 99 118 115 117 140 114 154 113 162 112 131 133 125 138 137 137 131 146
 102 108 148 113 101 156 145 160 88 100 115 101 139 103 166 107 86 110 95 109 112 111 141 114 158 115 168 118 124 129 118 136 131 137 123 151
 102 112 145 114 105 163 139 165 85 104 112 102 130 103 162 107 85 115 94 113 110 114 137 116 153 115 167 118 118 137 112 142 126 142 119 156
 106 111 147 111 111 155 143 155 90 103 117 101 135 101 164 104 90 114 99 111 115 111 140 112 155 112 166 114 124 131 119 135 131 135 126 148
 107 108 150 115 106 153 143 155 92 96 120 99 141 103 167 106 88 107 99 108 115 110 143 114 159 116 168 118 129 134 121 136 135 137 127 148
 106 111 147 112 107 155 141 157 92 104 117 100 134 99 163 102 90 114 99 113 113 112 140 112 156 113 167 114 120 129 115 134 128 135 122 144
 101 111 144 113 103 157 138 158 87 104 110 103 132 103 160 105 86 114 93 112 109 112 135 113 153 114 165 116 115 131 110 136 125 136 117 150
 108 114 146 113 114 154 145 154 94 107 118 104 138 104 159 104 92 116 102 115 115 114 140 114 153 113 162 113 130 136 122 139 136 139 130 148
 105 116 144 113 112 161 145 157 87 110 114 107 131 105 158 104 87 119 97 118 112 116 137 114 152 113 160 113 126 133 120 138 133 137 128 152
 104 110 145 110 108 162 141 161 86 104 115 105 135 106 158 102 83 111 95 111 112 112 137 112 153 111 160 110 130 141 120 143 136 143 127 159
 107 111 147 113 105 153 142 156 90 103 121 99 139 100 162 106 88 112 100 111 116 112 141 114 155 115 161 116 132 126 123 132 135 133 126 144
 103 114 143 110 105 150 146 147 88 106 114 104 134 101 157 100 83 116 96 115 110 114 138 112 151 110 160 109 127 139 118 139 136 139 127 147
 107 117 144 122 104 156 136 160 94 106 119 109 135 112 158 114 92 114 101 117 113 118 138 121 151 123 160 124 121 145 114 144 128 146 121 155
 107 113 150 118 105 152 143 155 93 102 118 104 139 107 164 109 90 113 100 114 115 114 142 117 157 119 168 121 125 138 117 140 132 141 124 150
 104 114 148 114 107 160 145 159 88 105 117 106 136 107 161 104 84 113 96 114 112 115 141 114 154 113 163 112 130 142 120 144 138 144 129 157
 100 115 142 110 109 164 147 160 82 110 108 106 128 103 157 100 83 119 92 117 107 116 136 112 150 110 162 108 122 140 115 143 132 143 126 158
 107 108 149 110 104 154 146 156 91 100 117 100 137 102 164 103 89 108 99 109 113 110 142 112 156 111 168 113 124 137 116 139 134 141 125 150
 104 112 147 113 105 157 145 158 87 101 115 103 135 103 164 102 83 112 97 113 112 113 140 114 155 114 167 113 126 135 117 137 133 138 125 151
 99 104 147 103 108 159 144 158 78 97 111 91 133 90 166 95 76 107 90 105 108 105 139 105 156 104 170 104 124 128 119 135 130 134 127 149
 106 113 149 114 105 150 148 151 91 104 118 104 139 104 166 107 88 114 99 114 115 114 142 115 158 115 167 117 128 135 121 138 134 138 127 148
 104 114 146 111 109 165 146 162 85 107 115 105 136 104 160 102 82 117 96 115 112 115 138 113 153 112 161 111 131 135 124 141 137 140 130 157
 103 109 143 114 101 154 135 158 89 101 114 104 131 106 160 109 87 108 95 109 109 111 136 114 150 116 161 117 117 139 111 139 126 141 117 153
 106 112 146 113 106 151 145 151 91 103 117 103 137 104 162 106 87 113 98 113 114 114 139 114 154 114 163 115 126 137 119 139 134 139 126 148
 102 113 146 110 105 160 145 157 84 106 112 104 133 103 159 100 80 116 93 114 110 114 137 112 153 110 162 109 126 138 118 141 134 140 125 154
 103 115 145 116 105 161 143 161 86 106 115 102 133 103 159 107 85 116 95 116 111 115 137 116 152 116 160 118 127 137 118 141 133 141 125 154
 105 114 142 111 113 160 141 157 90 108 115 106 131 105 155 103 88 115 98 114 111 115 135 113 149 111 158 110 126 137 119 140 133 139 127 153
 103 113 145 111 108 157 141 155 89 106 113 105 132 105 158 103 85 116 96 115 109 114 139 112 151 112 162 111 126 134 118 139 134 138 125 149
 103 116 144 110 115 160 149 155 86 111 112 105 131 102 158 100 85 120 96 118 110 116 137 112 151 110 162 107 128 135 121 140 136 138 131 150
 101 113 145 109 109 161 144 159 84 108 111 104 131 101 162 100 84 117 93 115 109 113 137 110 154 109 167 108 122 134 116 139 130 138 125 155
 101 112 141 106 111 158 144 152 84 107 109 102 128 99 154 96 82 118 93 114 108 112 133 108 147 106 157 104 125 128 119 135 131 133 126 148
 106 111 147 111 107 157 140 157 90 102 118 101 134 100 161 103 88 112 99 111 113 111 139 112 154 113 164 113 123 130 117 135 129 135 123 149
 107 110 147 115 107 153 138 157 93 100 119 101 137 105 163 108 90 110 100 110 115 111 139 115 155 117 165 119 124 133 118 136 130 137 123 150
 105 112 145 112 108 159 139 160 91 106 116 104 132 104 160 107 89 114 98 113 112 113 138 114 152 114 163 116 123 133 117 138 129 139 123 153
 108 119 152 115 115 166 154 162 89 113 119 106 139 104 168 104 88 122 100 121 116 119 144 116 161 115 171 115 133 141 125 143 141 142 135 156
 106 108 152 112 107 151 143 153 91 96 120 98 139 101 166 103 87 107 98 108 114 109 144 111 160 114 169 115 129 134 120 136 135 138 127 150
 107 116 148 115 108 158 146 156 91 106 117 106 137 105 162 104 87 117 99 116 115 116 140 115 156 115 164 114 129 133 122 138 135 138 129 151
 105 113 149 113 105 159 146 160 88 105 115 101 137 101 164 104 86 115 98 114 113 114 141 114 156 114 168 115 126 137 118 139 134 140 126 151
 105 108 148 115 98 158 133 164 90 95 118 100 137 104 165 109 85 105 97 106 112 110 140 115 156 117 167 120 119 140 112 142 126 144 117 157
 110 111 150 113 108 156 145 157 95 101 124 101 142 102 163 105 92 111 102 111 118 113 144 114 158 114 164 115 133 134 124 137 138 138 130 148
 101 114 147 111 106 154 149 151 85 106 110 104 134 101 162 99 84 116 94 116 109 113 139 111 155 111 167 110 122 129 116 133 131 133 125 147
 105 113 148 111 112 167 142 165 84 108 116 101 135 99 164 103 83 115 97 114 112 113 139 112 155 111 166 110 127 138 120 143 133 142 127 156
 108 119 147 116 113 155 148 151 93 111 118 108 137 107 158 104 90 120 100 120 116 118 139 116 155 115 161 113 131 138 124 140 138 139 132 149
 104 113 147 109 109 155 150 153 88 105 112 100 133 98 163 100 87 116 97 115 111 113 140 111 155 110 167 110 123 135 116 138 133 138 126 148
 106 108 152 110 103 151 149 154 90 98 118 101 137 103 167 101 87 108 98 109 115 110 144 111 160 112 172 113 125 133 117 137 135 138 126 149
 107 108 150 112 103 157 142 160 91 100 121 102 137 105 165 108 87 109 98 109 115 111 142 114 157 115 166 117 127 136 118 140 134 141 124 153
 103 111 146 109 105 148 145 148 86 103 112 99 135 98 160 100 82 113 95 113 111 111 138 110 153 110 164 110 127 131 119 134 134 134 127 143
 105 114 147 114 111 160 141 161 89 106 115 103 133 103 162 106 89 117 97 115 112 114 139 115 155 115 167 115 121 136 116 140 130 140 123 155
 102 109 143 109 106 152 141 152 86 102 113 101 134 100 158 101 84 111 93 111 110 110 136 110 152 111 161 111 123 129 117 134 129 134 123 148
 105 111 149 116 104 162 137 166 88 99 120 102 138 106 165 109 84 110 97 111 113 113 141 116 155 118 165 119 126 140 117 142 133 144 123 158
 106 111 144 112 108 157 137 159 93 104 116 106 133 106 158 106 90 111 100 111 113 113 137 114 150 114 160 114 123 136 117 139 129 140 122 153
 104 114 148 115 104 158 146 159 89 107 117 107 135 107 164 109 87 114 97 114 112 115 141 116 156 116 167 117 126 140 117 143 133 144 125 154
 104 110 146 115 106 157 141 160 90 101 116 104 136 107 164 111 88 110 97 111 111 113 140 116 154 117 166 119 124 138 117 142 132 143 123 155
 102 115 144 108 108 157 150 153 86 110 107 105 129 100 156 96 87 120 94 118 109 115 136 111 152 108 163 106 120 138 113 138 132 137 124 147
 102 116 144 111 114 162 146 159 85 109 112 106 134 103 158 99 81 120 95 117 110 115 138 113 151 111 161 109 130 133 123 138 135 137 130 153
 104 115 146 111 110 156 148 153 88 109 112 105 131 103 160 102 89 119 97 117 112 114 138 112 153 111 165 111 123 136 117 139 132 138 127 151
 106 115 149 114 110 159 146 158 91 107 117 107 135 108 162 106 89 116 98 116 113 116 141 115 156 115 166 113 127 139 119 142 135 142 127 154
 104 116 147 113 109 161 147 159 86 107 114 104 132 103 162 104 85 118 96 117 111 116 139 114 155 114 166 114 125 132 119 138 133 138 126 153
 95 115 145 113 99 157 149 155 76 108 104 104 128 104 160 104 78 119 87 117 104 115 136 114 154 114 164 115 120 143 109 143 132 143 121 154
 105 111 152 113 105 159 146 161 88 102 117 100 137 101 169 105 84 113 97 112 112 112 144 113 160 115 172 117 126 134 119 138 135 139 126 150
 102 114 147 115 102 158 145 158 86 105 115 105 136 106 162 105 83 113 93 114 112 114 140 114 157 115 165 116 126 139 118 140 134 141 125 155
 103 114 147 112 107 157 145 155 86 105 114 105 137 105 162 103 83 115 95 115 112 115 139 114 155 113 164 113 128 140 118 142 136 141 127 152
 105 114 148 112 110 158 148 156 89 105 115 105 133 104 162 101 87 116 98 115 112 114 141 113 156 112 168 111 126 136 119 140 135 139 128 151
 103 107 146 110 107 153 140 156 90 99 114 104 135 104 164 102 87 107 97 108 111 109 139 111 154 111 169 110 121 139 115 140 130 140 122 152
 102 113 147 111 108 162 146 160 85 106 116 102 139 101 162 102 81 116 94 115 111 114 140 113 156 112 163 113 132 139 122 142 138 142 130 155
 108 114 147 111 113 158 146 153 90 109 119 106 138 104 157 101 85 116 99 116 115 115 140 112 153 110 158 109 135 145 125 143 142 143 133 152
 108 113 147 114 107 158 141 159 91 106 119 107 137 108 160 107 88 113 99 113 116 114 139 115 155 115 161 116 129 141 121 142 136 143 127 157
 104 106 147 112 102 153 136 158 90 94 117 101 137 104 164 106 87 103 97 105 112 108 139 113 155 114 166 115 120 142 112 140 129 142 119 153
 103 113 150 113 103 159 147 159 85 103 114 101 138 102 165 102 83 116 93 114 111 114 141 114 160 114 169 115 126 136 117 140 134 140 126 151
 101 110 146 111 103 152 145 153 87 105 113 101 135 101 161 106 86 113 95 112 111 112 138 113 153 113 162 114 127 131 119 137 133 138 125 146
 103 117 143 113 110 163 145 160 89 109 112 107 130 104 158 103 88 121 97 119 110 117 137 115 150 114 163 113 123 131 117 138 130 137 124 152
 105 113 146 118 103 161 136 164 90 101 117 106 137 110 161 110 86 111 96 112 113 115 138 118 154 119 161 120 124 148 115 146 132 148 122 160
 105 114 147 113 112 163 142 162 89 107 113 107 136 106 161 104 86 116 96 114 113 114 139 114 156 114 166 113 124 137 118 141 132 140 125 156
 105 112 145 111 107 158 144 157 88 105 116 106 135 105 159 104 85 113 97 113 113 114 138 113 153 113 162 112 126 139 119 141 133 141 126 153
 105 118 147 112 110 164 150 159 86 114 114 109 135 107 159 104 84 122 95 119 113 118 139 114 154 113 162 111 132 139 124 144 139 143 132 158
 99 116 143 111 109 157 149 153 84 113 111 109 132 105 158 103 85 121 93 119 107 116 136 113 152 111 162 110 125 134 119 139 132 138 127 150
 108 113 146 121 102 156 137 161 95 101 119 104 136 108 162 114 92 112 100 113 114 115 140 120 155 123 166 125 121 134 115 137 127 139 119 150
 107 113 155 111 110 155 155 154 91 103 118 102 142 101 169 99 87 113 100 113 116 113 146 113 162 111 174 111 130 139 121 142 140 142 132 149
 105 116 143 112 111 158 141 156 91 112 112 107 131 105 156 105 92 120 97 118 112 116 135 114 150 113 159 113 123 121 120 132 127 131 123 149
 108 109 146 114 104 152 135 157 95 98 122 103 138 105 161 108 91 107 102 108 115 111 141 114 152 116 161 117 126 137 118 138 132 140 122 151
 105 112 143 113 105 152 142 152 90 103 117 104 134 104 156 104 86 112 98 113 112 113 137 114 150 114 158 114 126 132 119 136 132 136 125 147
 104 113 140 111 109 157 134 155 90 109 112 106 127 104 153 105 89 117 97 115 110 114 133 113 146 113 156 113 118 126 115 133 123 133 120 145
 102 116 147 114 111 163 142 163 86 109 109 105 132 103 163 105 86 121 94 118 111 116 138 115 156 115 170 116 120 133 116 140 128 140 123 153
 95 114 139 115 100 162 134 165 81 107 106 108 127 108 156 108 80 115 87 115 103 115 132 116 148 116 160 116 113 146 105 146 123 147 114 159
 106 107 149 112 103 153 145 157 88 98 114 102 138 104 166 104 86 107 97 108 113 110 141 113 157 113 170 114 122 141 115 140 132 142 123 155
 100 117 141 112 102 161 146 157 83 111 106 107 126 104 155 103 83 120 93 119 107 118 134 115 148 113 160 112 118 135 111 140 129 138 120 151
 100 117 142 112 111 156 146 152 86 110 110 106 131 103 156 101 86 120 94 119 109 116 135 113 151 112 160 111 125 137 119 139 133 139 127 150
 105 112 148 113 107 158 143 158 88 103 117 105 138 107 162 106 84 112 96 113 113 114 140 114 155 114 164 114 130 139 121 141 136 142 128 154
 102 115 147 110 104 160 149 157 84 107 111 103 134 100 162 99 81 117 93 116 109 115 139 112 155 111 167 109 123 140 116 142 134 141 125 155
 104 108 145 115 101 157 134 162 89 96 118 97 137 102 161 108 84 106 97 107 112 110 138 115 152 117 160 119 124 134 116 137 129 140 120 153
 103 116 146 109 115 158 151 153 85 114 112 104 136 100 160 100 84 124 95 120 112 116 139 111 155 110 162 109 132 128 126 135 137 133 134 146
 105 111 145 116 102 158 137 160 89 100 119 101 136 103 160 108 85 111 98 111 112 113 139 116 152 118 160 119 126 136 118 139 132 140 123 152
 104 115 143 115 107 155 141 156 89 108 114 108 130 107 156 107 86 115 97 116 110 116 136 116 149 115 158 114 123 142 114 143 132 143 123 153
 103 113 149 113 105 157 145 156 86 104 117 105 138 105 165 106 81 114 95 114 113 114 141 114 157 114 166 114 129 142 120 143 136 144 127 156
 108 114 150 115 108 160 144 161 90 107 119 107 141 108 163 107 87 114 98 114 115 115 142 116 158 116 164 116 132 142 123 144 139 144 129 159
 104 112 147 114 102 156 142 159 88 103 114 102 134 103 162 105 87 114 96 113 111 113 139 114 156 117 167 118 120 129 115 134 128 135 122 149
 102 117 146 114 108 162 146 159 87 108 110 108 133 105 160 103 86 119 95 118 109 117 138 115 153 114 165 112 120 141 113 143 131 142 123 156
 106 116 152 116 109 166 147 167 89 105 117 105 139 105 168 106 87 116 98 116 114 116 144 116 160 117 172 116 125 143 117 146 134 146 126 161
 99 112 148 112 98 157 148 158 83 103 111 104 138 104 165 103 80 112 90 113 110 114 139 113 158 112 167 112 126 141 117 143 134 143 124 153
 103 116 143 110 107 156 149 151 85 109 111 103 132 100 156 98 83 120 95 118 109 116 137 111 150 109 159 108 127 136 119 139 136 137 128 148
 105 111 147 112 109 158 139 159 90 102 116 101 136 102 164 105 87 111 98 112 112 113 140 113 155 114 165 115 127 131 120 137 133 138 125 150
 104 114 148 111 113 164 142 162 84 107 113 103 134 102 162 103 83 117 95 116 111 114 138 113 155 112 165 111 125 139 118 144 132 143 126 156
 104 112 150 113 106 151 149 152 89 105 114 106 135 107 165 106 86 113 97 113 112 113 142 114 158 115 171 115 124 140 116 141 135 141 126 150
 104 116 144 109 114 163 146 158 87 112 111 107 132 103 156 98 85 121 96 118 111 116 136 111 150 108 161 106 126 140 119 143 135 140 129 156
 104 116 149 113 109 166 147 164 86 109 111 107 132 105 164 104 86 120 95 117 110 116 140 115 157 114 171 114 122 134 117 142 132 141 125 158
 102 115 145 115 105 158 144 157 87 104 113 103 132 102 160 103 84 118 95 116 110 115 138 116 153 116 165 117 123 127 117 134 129 134 124 146
 102 115 150 109 111 166 152 162 83 109 110 105 138 100 164 98 82 119 93 117 111 115 141 111 159 109 169 108 129 135 122 141 137 140 130 157
 103 117 145 116 110 157 142 156 89 109 113 108 133 108 158 106 86 120 96 119 110 117 139 116 152 116 162 116 126 141 118 142 134 142 126 150
 107 112 147 113 108 151 143 152 93 103 118 102 136 103 159 105 90 113 100 113 114 113 139 114 153 114 161 114 128 133 120 137 134 137 126 149
 106 117 146 112 112 161 147 156 90 110 113 105 133 103 156 101 90 121 99 118 113 116 138 114 152 112 160 111 127 133 120 138 134 137 128 150
 102 113 146 109 106 159 149 157 85 107 111 103 133 101 161 100 84 116 95 115 109 113 139 111 154 110 165 110 125 134 116 138 135 138 126 151
 106 113 148 112 111 161 143 161 88 107 114 105 134 104 164 104 87 116 97 114 112 114 140 113 156 113 169 113 124 133 119 139 131 139 125 154
 104 108 149 112 105 156 140 161 88 99 120 99 138 102 168 107 86 109 97 109 112 110 143 113 158 115 168 118 126 130 119 134 133 136 124 150
 106 109 147 111 105 161 138 163 89 104 120 105 139 106 161 106 84 110 97 110 113 112 140 113 154 112 159 113 130 144 121 144 136 146 126 161
 104 111 143 111 105 155 142 157 90 101 114 104 130 104 158 102 87 110 98 111 110 113 137 113 150 112 163 112 120 140 112 140 131 140 121 151
 106 115 149 117 110 170 143 170 89 106 117 106 137 106 165 107 88 116 99 116 114 116 141 117 157 117 167 117 126 140 119 145 133 145 126 162
 105 114 148 108 110 152 153 147 87 109 113 102 136 99 161 98 87 119 96 117 112 113 140 110 156 109 165 108 129 127 121 132 137 131 130 145
 107 110 148 116 105 157 136 161 93 99 120 103 136 106 164 111 90 108 99 109 113 112 141 116 155 118 167 121 121 138 115 141 128 142 120 158
 106 114 145 108 114 159 149 155 89 109 114 104 133 101 158 98 87 118 98 115 114 114 137 111 152 109 161 107 129 134 123 138 137 136 131 152
 106 111 148 117 101 153 138 159 92 100 121 103 138 106 164 110 88 109 99 110 114 113 141 117 155 119 164 120 126 135 119 138 131 140 122 151
 104 111 147 115 103 161 138 165 88 101 116 102 133 104 163 109 87 111 96 111 112 113 139 115 155 117 166 119 119 134 114 139 127 140 119 155
 105 116 148 116 105 159 146 159 87 108 114 104 135 105 163 108 86 119 96 117 113 117 139 117 156 117 166 119 126 138 117 142 134 142 126 151
 104 112 147 109 108 155 152 153 88 106 115 103 133 101 162 100 87 116 97 114 112 113 140 110 155 109 166 109 127 129 120 135 136 134 128 148
 107 112 147 115 103 153 143 155 94 101 117 102 138 104 161 108 89 112 99 112 115 114 140 116 155 117 164 119 125 137 117 139 132 140 124 145
 102 111 143 108 106 155 144 152 85 104 113 99 132 98 158 99 82 114 94 112 108 112 137 109 150 108 161 108 126 135 117 138 134 138 126 149
 101 114 145 110 109 160 142 156 89 108 111 104 131 101 160 100 88 118 94 116 110 114 137 111 153 111 165 111 119 127 115 134 128 132 122 145
 105 115 149 112 114 162 149 160 88 111 117 107 135 105 164 104 87 119 98 117 114 116 141 114 157 112 168 111 130 138 124 143 137 142 131 157
 104 109 147 113 105 155 140 159 90 99 118 99 139 101 164 106 86 110 97 110 113 111 141 114 155 115 164 117 128 131 120 136 133 137 124 149
 101 115 147 109 111 158 152 151 83 110 111 103 133 101 160 98 82 121 93 118 110 115 140 111 155 109 164 107 131 135 123 138 139 137 132 147
 103 111 148 112 108 161 144 162 88 102 113 105 135 105 164 103 85 112 95 112 112 113 140 113 157 113 170 114 122 138 116 142 131 142 123 157
 103 115 149 115 109 157 146 156 86 104 114 104 137 104 164 105 83 115 95 116 111 114 141 115 156 116 168 115 127 136 120 140 135 140 127 150
 96 113 144 112 98 154 146 154 79 104 105 104 130 104 161 103 78 115 88 115 106 114 135 114 153 113 166 113 118 136 111 140 128 140 120 150
 103 118 144 112 117 163 146 158 86 112 111 107 132 104 158 101 86 122 95 120 110 117 137 113 152 112 162 110 126 130 122 136 133 135 130 152
 105 117 145 112 108 163 148 156 87 111 115 108 132 107 159 105 83 120 96 118 111 117 137 114 152 111 161 109 130 135 123 141 137 140 130 152
 106 109 149 111 105 146 150 149 92 97 117 101 135 102 166 102 91 108 100 109 114 110 142 112 157 113 170 114 122 136 115 138 133 138 124 146
 103 114 144 111 108 150 146 149 87 107 113 105 131 103 158 102 86 116 96 115 111 114 136 113 152 112 164 113 122 136 117 138 131 137 125 145
 104 110 150 110 107 160 145 161 85 104 117 101 135 101 167 104 83 113 95 111 111 111 142 111 157 112 169 112 127 133 120 138 134 139 126 155
 103 112 146 114 102 162 143 163 86 105 114 107 135 107 162 107 85 113 95 112 112 114 138 115 155 115 164 116 123 141 116 143 131 144 122 159
 108 117 149 110 116 157 154 152 90 114 116 107 137 103 161 99 89 122 100 120 116 117 141 112 156 109 165 107 134 138 126 140 142 139 135 150
 103 116 145 109 114 157 149 152 87 109 110 107 133 103 157 96 84 119 96 117 110 115 137 111 151 108 162 105 127 138 120 140 136 138 130 151
 101 115 143 110 114 161 145 157 88 110 108 106 132 102 157 102 90 119 94 117 109 115 134 112 150 110 162 109 120 126 117 134 127 133 124 150
 105 111 147 115 101 157 135 161 92 99 119 104 135 105 163 108 88 109 97 110 112 113 139 115 154 116 166 119 118 139 111 140 128 142 117 153
 106 113 145 113 110 156 145 156 93 105 117 105 136 104 160 105 91 114 100 114 113 115 140 115 152 114 162 114 128 133 121 137 135 138 128 150
 106 116 147 114 113 161 145 159 90 108 117 105 137 104 161 104 87 120 98 117 115 115 139 115 155 115 163 116 130 125 123 132 136 132 130 149
 105 114 145 111 108 155 147 152 88 107 114 103 133 101 160 102 86 116 97 115 111 114 138 113 153 112 163 111 124 136 118 138 133 138 127 148
 97 115 139 113 102 155 141 153 82 106 106 105 124 104 154 102 82 116 90 116 104 114 132 113 147 113 160 111 115 134 109 138 125 137 118 150
 108 107 147 112 106 153 136 158 94 97 121 102 136 105 162 107 91 104 101 107 114 110 140 113 153 114 164 115 123 140 115 140 131 142 122 152
 103 116 149 113 104 157 150 156 86 108 111 107 132 106 163 104 84 119 94 117 110 115 140 115 157 114 169 114 122 138 115 142 133 141 124 153
 103 114 143 117 104 157 138 159 88 104 114 103 134 103 158 108 84 115 97 114 110 115 136 117 149 118 159 119 124 129 117 135 128 136 122 148
 101 111 145 110 102 152 143 152 87 105 110 100 132 99 159 101 86 115 94 113 110 112 136 111 153 111 163 111 119 126 114 133 126 132 120 145
 103 109 150 106 110 156 152 155 86 102 108 98 139 95 165 95 85 113 95 111 111 110 141 109 157 107 169 107 128 129 120 134 135 133 128 147
 106 110 152 112 106 159 145 160 87 99 118 100 141 102 168 104 84 110 96 110 114 111 144 113 160 114 171 115 130 136 121 139 137 140 128 154
 105 111 148 110 107 157 147 157 89 104 115 103 136 102 163 103 89 112 96 112 114 112 139 111 157 111 165 112 125 134 118 137 134 138 126 154
 103 112 146 113 105 159 143 160 89 103 115 107 137 107 162 106 86 110 97 112 111 113 140 115 153 114 164 114 124 141 116 142 133 143 124 156
 103 108 149 112 102 156 141 160 87 98 117 103 137 105 166 106 84 105 95 107 111 110 141 113 157 114 168 114 122 146 114 144 132 145 122 159
 105 111 144 113 106 155 138 158 91 101 115 105 134 104 162 106 89 111 98 110 112 112 137 114 152 114 165 115 117 140 112 140 127 141 118 154
 103 113 145 111 107 161 146 160 86 107 111 103 131 103 159 104 85 116 95 115 110 115 136 113 152 112 163 113 121 137 115 141 130 141 124 156
 95 111 148 112 99 156 138 158 84 99 104 99 132 100 163 101 81 114 87 112 105 111 137 112 157 113 170 115 114 130 107 135 124 136 115 152
 103 114 143 118 105 162 133 164 91 106 116 103 141 104 157 110 86 116 96 115 112 116 136 118 150 119 155 120 128 121 121 131 130 132 123 149
 103 114 145 112 107 154 147 152 88 107 110 105 132 103 159 103 88 116 96 115 110 114 138 113 152 113 164 113 122 125 118 134 129 133 124 147
 104 117 144 110 113 158 148 154 88 115 111 109 131 104 156 100 88 123 95 121 112 117 136 112 152 110 162 108 123 137 118 140 132 138 128 151
 106 113 150 113 102 154 148 153 89 105 117 103 138 104 163 104 85 116 96 115 114 114 141 114 159 115 165 116 129 135 120 138 137 138 127 148
 105 108 146 110 108 157 138 158 89 102 117 101 135 102 162 106 87 110 97 109 112 111 139 112 153 112 163 113 124 135 117 139 131 140 123 152
 105 114 153 113 107 161 150 160 87 105 119 102 140 101 170 104 85 119 96 116 114 115 145 114 163 115 172 117 130 135 122 140 138 140 130 152
 106 109 147 112 101 147 145 149 89 100 116 101 137 102 162 102 86 109 98 109 112 111 140 112 154 112 163 113 127 137 117 136 135 138 124 145
 105 111 147 109 110 159 144 159 87 104 114 101 133 100 162 99 86 112 97 111 110 111 140 110 154 109 167 108 122 134 115 138 131 138 124 152
 104 115 147 115 107 166 144 166 87 107 115 103 134 104 163 107 84 117 96 115 112 116 139 116 155 116 166 116 125 130 120 138 131 139 125 157
 106 110 145 115 100 152 134 157 91 99 120 105 135 107 161 109 86 107 99 109 112 112 138 116 152 117 163 119 120 140 112 140 127 142 118 152
 106 110 148 115 106 153 136 157 93 98 119 97 140 98 162 104 88 111 99 111 113 111 142 114 155 117 163 118 127 130 118 133 133 135 122 144
 105 113 145 110 111 156 148 153 88 107 112 104 132 102 160 101 87 117 98 115 111 114 138 111 152 111 165 109 124 135 118 138 133 137 127 150
 106 113 149 111 108 154 147 152 91 106 114 105 139 105 161 100 87 116 98 115 114 114 141 113 157 112 165 112 129 135 120 137 136 137 128 147
 103 114 144 110 106 158 147 154 84 109 113 103 131 101 159 102 83 119 94 117 110 115 137 112 153 111 162 111 127 130 120 137 133 136 128 149
 104 116 144 111 115 162 148 158 88 108 115 104 132 101 158 99 86 118 98 116 111 116 139 112 151 110 162 108 129 133 122 139 136 138 131 152
 104 115 147 114 106 162 143 163 88 108 114 104 135 103 161 105 86 118 96 117 111 116 138 115 155 116 165 117 123 130 117 135 130 136 123 152
 102 112 148 111 107 161 145 161 84 104 114 102 136 101 164 102 83 113 93 113 110 112 139 111 156 111 166 110 124 137 117 142 132 142 125 159
 107 112 148 115 105 161 138 164 92 101 119 102 136 105 163 108 88 112 98 112 114 114 140 116 157 117 167 119 122 135 116 140 129 141 122 155
 96 114 139 113 102 159 137 158 80 108 105 106 127 104 156 105 79 117 88 115 104 114 131 114 147 114 159 113 115 138 108 141 123 141 117 155
 103 116 144 114 107 159 145 157 89 107 114 103 130 103 158 104 87 119 96 118 111 116 137 114 152 115 163 115 123 128 117 134 130 134 124 146
 102 113 147 115 102 159 142 161 89 102 114 103 136 102 163 104 85 115 95 114 111 114 139 115 156 116 167 117 121 133 113 137 130 137 121 150
 102 110 146 114 106 157 138 160 88 101 116 99 138 102 163 107 86 113 94 111 112 111 139 114 155 117 165 119 125 122 119 130 129 131 123 145
 106 115 150 111 111 156 152 153 90 108 116 107 138 105 164 102 88 116 99 116 114 115 142 113 158 111 168 110 131 141 123 143 140 142 132 152
 102 116 149 110 110 162 153 159 81 112 109 108 134 105 163 101 82 121 91 118 110 117 140 113 158 110 169 108 126 144 118 146 136 144 129 158
 105 106 150 112 104 153 140 158 90 94 118 98 138 100 170 105 87 105 98 106 114 108 143 112 159 115 173 116 121 137 114 137 130 139 121 152
 107 110 150 115 105 156 140 159 92 99 118 101 140 104 164 107 89 110 99 110 114 112 141 115 158 117 165 118 126 134 118 137 132 139 124 151
 102 114 147 111 114 162 148 158 84 108 110 108 132 107 163 103 83 118 93 116 109 115 140 113 155 111 168 111 125 144 119 145 135 144 128 157
 99 113 148 115 96 159 145 161 83 103 109 103 135 105 164 106 80 113 90 113 107 114 139 116 157 116 167 116 120 141 111 143 130 144 120 156
 103 111 147 107 112 157 148 154 85 104 114 101 134 98 163 97 83 114 94 113 112 112 139 108 156 107 167 106 126 135 120 138 135 137 129 152
 102 115 145 116 106 161 143 161 87 103 113 105 134 105 162 105 85 116 95 116 110 116 138 116 154 117 167 117 122 130 117 138 128 137 123 153
 104 114 147 114 108 153 144 155 89 104 116 103 137 103 162 105 85 115 97 114 112 114 140 115 155 116 166 115 126 135 119 138 134 139 126 148
 101 116 144 112 105 158 145 154 83 108 108 107 130 105 157 100 80 119 93 118 108 116 137 113 151 112 160 111 125 138 116 139 134 138 125 150
 104 111 146 111 109 156 145 156 90 102 115 104 136 104 161 102 86 110 97 111 111 113 140 112 154 112 165 112 125 145 117 143 136 143 126 156
 101 111 149 112 105 160 142 160 86 102 114 101 137 103 162 103 81 111 93 112 110 112 140 113 156 114 163 114 128 135 119 140 134 141 126 155
 102 116 145 109 107 159 150 154 84 109 110 105 129 102 158 98 83 118 94 117 109 116 136 111 152 109 163 107 123 135 116 140 133 138 126 152
 107 111 149 114 104 159 145 160 89 102 119 99 139 101 164 106 87 112 99 111 115 113 142 114 156 114 163 117 131 135 121 139 137 140 127 152
 103 113 140 111 115 158 141 153 90 109 112 105 130 105 153 103 88 118 98 115 110 114 134 112 146 111 157 110 126 131 120 137 132 135 127 152
 106 110 150 117 101 158 140 162 91 100 121 102 141 107 166 111 86 110 98 111 114 113 143 117 159 120 167 123 129 137 120 140 134 143 125 151
 103 117 143 115 110 166 144 164 85 111 113 107 130 105 161 109 88 120 95 119 111 118 136 117 152 117 165 117 120 136 116 143 128 142 123 159
 107 110 147 110 108 150 146 151 93 102 117 100 135 99 162 103 92 110 100 111 113 112 141 112 154 111 167 112 123 137 117 137 133 138 125 145
 110 112 150 118 107 160 139 164 96 101 123 104 142 109 165 112 92 111 102 111 118 114 143 118 158 120 164 123 131 134 123 139 135 140 126 154
 107 118 146 118 111 158 142 158 93 110 116 108 135 108 158 108 89 119 100 119 114 119 139 118 153 119 162 119 127 137 121 141 133 141 127 153
 101 115 143 111 111 159 147 155 83 110 109 104 131 101 159 101 83 120 93 118 109 116 136 113 151 111 162 109 126 139 119 142 133 140 128 152
 98 116 143 110 109 163 148 158 82 111 108 107 130 104 156 98 82 120 90 118 107 116 135 112 152 109 162 107 122 139 115 143 132 140 125 157
 99 114 147 110 111 163 147 160 82 109 106 106 131 103 163 100 82 119 90 117 107 114 137 111 155 110 169 109 119 135 115 140 131 139 124 157
 102 109 149 112 105 155 143 157 86 98 116 100 138 101 165 102 81 110 95 110 111 110 141 112 157 113 167 114 127 137 117 138 134 140 125 152
 106 111 147 109 111 160 145 158 89 105 117 103 137 102 161 101 85 114 98 113 114 113 140 111 154 110 162 111 131 136 124 140 136 140 130 155
 107 111 150 114 105 155 143 158 92 101 120 102 138 104 166 107 89 111 99 112 114 113 143 115 159 116 170 118 123 140 116 140 132 141 124 151
 102 112 153 109 107 167 150 166 83 103 113 100 138 97 171 98 84 114 93 113 111 113 144 111 163 110 177 110 124 134 117 140 135 140 126 159
 101 111 147 114 103 160 141 161 85 101 112 105 136 108 163 106 81 111 91 112 111 113 138 114 157 115 167 115 123 133 117 139 129 139 122 157
 102 112 144 110 109 157 145 156 86 108 112 102 133 100 161 102 87 116 95 114 111 114 137 112 153 111 164 111 123 137 118 141 130 140 125 152
 98 119 137 111 105 157 143 150 81 115 104 110 123 104 150 100 81 125 90 122 104 119 129 113 144 110 156 109 116 136 111 140 126 138 121 149
 105 113 141 116 106 155 135 157 91 103 119 106 135 108 155 108 86 111 99 112 112 114 136 117 148 116 156 117 127 141 118 140 132 141 124 149
 102 115 146 115 110 164 140 163 86 105 113 103 135 103 161 104 82 117 95 116 110 115 138 115 153 116 162 116 127 131 120 138 132 137 126 153
 108 113 149 114 103 153 144 153 92 104 121 105 139 105 163 106 87 112 99 113 115 114 142 115 156 115 163 115 130 140 120 141 137 142 127 151
 106 111 148 113 106 158 143 159 89 100 118 102 138 103 164 103 86 111 97 111 114 112 140 114 157 114 166 115 127 133 119 138 134 138 125 153
 106 111 149 111 109 154 146 154 91 104 116 104 136 104 162 102 87 112 98 112 113 112 142 112 156 111 166 111 127 139 118 142 138 142 127 153
 103 110 150 109 103 156 148 156 85 102 116 100 137 101 164 101 83 111 94 110 112 111 142 110 158 110 167 111 126 134 116 136 136 137 126 150
 106 115 142 107 119 152 147 147 91 110 110 103 131 99 153 95 93 120 100 117 112 114 135 109 148 107 159 104 125 121 122 128 132 127 129 138
 112 114 152 115 114 161 146 160 95 104 124 106 143 107 165 106 91 113 103 113 119 114 145 115 158 115 165 116 136 138 128 142 141 142 133 156
 105 111 148 114 101 157 142 160 89 103 115 102 136 104 164 108 85 113 96 112 112 113 140 115 156 116 166 119 123 130 116 136 130 137 122 149
 106 110 147 116 100 152 143 154 90 99 118 103 137 106 161 108 85 107 99 109 113 112 140 116 153 117 161 119 127 139 117 141 134 142 124 149
 101 115 146 111 107 159 148 156 85 109 109 105 132 103 162 103 85 121 92 117 111 115 136 113 155 113 167 113 120 128 116 137 127 136 123 151
 103 114 148 112 108 164 147 163 84 107 113 101 135 100 165 103 82 118 95 116 112 115 139 114 156 114 169 115 125 136 119 140 132 139 126 156
 107 109 147 112 112 154 141 156 91 103 122 100 138 102 165 106 90 111 101 110 115 110 141 112 155 114 165 115 131 125 125 131 135 132 128 147
 107 111 140 109 111 138 142 135 96 106 113 103 131 100 151 101 95 115 102 113 113 111 134 110 146 109 155 109 124 121 120 125 129 124 125 131
 106 111 147 114 104 152 141 154 91 102 118 100 135 102 161 107 89 112 98 111 114 112 139 114 154 116 163 117 123 136 117 139 130 140 123 149
 102 115 141 112 111 159 141 156 86 109 110 106 127 103 155 103 86 118 96 117 108 115 134 113 147 112 160 111 120 132 116 138 127 138 123 151
 106 113 152 111 108 154 149 152 90 103 115 98 137 97 166 99 89 117 98 115 114 113 143 112 161 112 172 113 125 132 117 135 134 134 127 142
 106 110 150 114 107 160 141 162 90 101 118 101 138 104 165 107 86 112 98 111 114 112 141 114 157 116 166 117 129 135 121 139 134 141 126 153
 106 114 145 115 105 149 143 150 91 104 116 106 133 107 157 104 89 114 98 115 112 115 138 115 152 116 161 115 124 136 118 136 132 136 124 144
 105 113 149 111 103 150 150 149 87 105 115 106 135 105 162 102 84 114 96 114 113 113 140 112 155 111 165 111 127 139 118 141 135 141 126 150
 107 104 151 108 108 156 143 159 89 94 119 99 139 100 171 102 87 104 99 104 115 107 144 110 159 110 174 112 126 139 119 140 135 141 126 154
 103 116 148 112 110 168 146 165 85 110 111 104 133 102 164 103 86 121 94 118 111 117 139 114 157 113 169 113 123 132 118 140 131 139 125 156
 103 110 151 109 103 161 149 159 83 102 114 99 137 99 168 101 80 112 93 112 110 112 142 111 159 110 170 111 127 140 118 143 136 144 127 153
 103 112 147 113 108 164 139 164 85 107 112 103 134 103 161 105 84 117 92 115 111 114 137 114 156 115 166 115 123 124 119 134 129 134 124 154
 106 112 149 110 109 155 149 154 89 103 119 99 137 98 164 100 85 114 98 113 113 112 142 111 156 111 167 111 129 132 122 137 138 137 130 149
 101 117 144 110 112 161 147 155 83 112 110 107 132 103 155 98 81 121 93 119 109 116 136 112 150 109 159 107 129 136 121 141 136 139 130 153
 104 109 147 113 105 160 139 164 88 100 117 102 138 105 164 106 85 109 96 110 112 112 139 114 156 115 165 117 125 139 117 141 131 143 123 156
 103 114 145 113 111 162 144 160 85 106 114 100 133 99 161 104 83 118 96 116 111 114 138 113 152 113 163 114 127 129 120 136 132 135 127 150
 106 112 149 113 109 156 145 156 90 105 117 101 138 102 164 106 89 115 98 113 115 113 141 114 157 115 165 116 130 123 124 132 133 132 128 145
 106 109 149 115 105 153 139 157 90 100 121 101 140 106 164 111 86 108 98 109 114 111 142 115 156 117 165 120 127 137 121 140 132 142 125 151
 106 115 146 112 115 159 148 156 89 111 114 103 135 102 159 103 86 122 97 118 114 116 139 113 155 114 162 114 133 127 127 134 136 133 133 148
 103 113 149 110 112 159 146 157 85 106 115 102 136 100 162 100 82 115 94 115 110 113 142 111 156 110 166 110 129 134 122 139 136 139 129 153
 105 118 146 111 114 158 150 153 88 114 112 106 134 102 158 100 88 123 97 120 113 118 138 113 154 111 162 109 127 134 122 138 135 136 131 148
 102 112 147 113 105 156 149 156 84 104 108 106 131 105 164 104 86 113 94 113 109 113 138 114 155 113 170 112 116 148 109 146 129 147 121 156
 105 113 143 110 112 159 143 157 89 110 115 105 133 103 158 105 88 116 98 114 113 114 136 112 150 111 159 112 127 134 120 137 133 138 127 153
 104 114 146 114 106 155 144 156 89 107 115 108 134 108 161 106 85 114 97 115 112 115 139 115 154 115 165 115 125 142 117 143 133 144 125 155
 104 116 145 116 107 159 142 158 87 107 114 104 133 104 160 106 85 118 97 117 111 116 137 116 151 117 162 117 124 129 117 136 129 136 123 151
 107 111 147 114 108 155 140 157 93 102 118 101 138 103 161 107 89 113 99 112 114 113 140 114 155 116 161 117 129 129 122 133 134 135 127 146
 103 112 148 112 108 158 149 157 85 105 111 103 133 104 163 103 85 116 94 115 110 114 140 113 155 112 167 113 127 138 118 141 135 140 127 153
 104 111 146 112 104 150 143 151 88 101 113 100 133 101 162 104 87 112 96 112 111 111 138 113 153 114 167 115 120 131 114 135 128 136 121 146
 105 109 148 111 105 152 148 153 89 103 118 101 138 102 165 105 87 111 98 110 113 111 142 113 156 112 167 113 129 136 120 138 137 139 128 149
 104 108 149 115 103 162 136 166 87 98 120 101 140 106 164 109 82 107 94 107 112 111 141 116 157 117 164 119 126 146 117 147 134 149 123 162
 103 114 144 115 107 155 141 155 87 105 113 104 133 104 158 106 85 114 96 115 110 114 136 115 150 115 160 114 125 136 118 139 132 139 125 150
 101 117 148 109 112 165 154 158 81 111 109 105 134 100 163 97 81 121 93 119 109 116 140 111 156 109 169 106 127 137 120 142 137 140 130 155
 103 113 145 111 103 150 148 148 89 105 113 102 134 100 159 102 86 114 97 114 110 114 137 113 152 111 162 111 123 137 114 138 134 139 125 148
 104 119 146 113 112 157 151 152 87 111 113 107 133 104 161 102 86 123 97 121 112 118 138 114 154 114 165 112 127 131 122 137 134 136 130 147
 102 114 146 115 108 163 141 163 85 106 116 102 134 102 163 106 83 116 94 115 111 115 138 115 155 116 165 117 125 134 118 139 131 140 125 154
 104 115 145 113 109 159 146 157 88 107 114 104 132 103 159 104 86 118 97 117 111 116 138 114 152 114 162 113 127 132 120 138 133 137 127 151
 114 116 158 111 123 161 160 156 97 110 126 106 147 104 171 101 93 119 105 118 123 116 151 112 166 111 174 108 142 136 135 141 149 140 143 152
 107 113 146 116 105 155 141 157 91 106 119 106 135 108 160 111 86 114 99 114 114 115 140 117 152 118 161 120 128 134 121 138 133 139 126 150
 106 111 149 108 115 159 145 156 90 104 115 105 135 104 162 99 87 112 99 112 112 112 142 110 155 108 168 106 128 135 121 139 137 139 129 153
 105 111 149 112 104 152 148 152 90 102 117 101 137 100 163 103 86 112 97 112 113 113 142 114 157 114 167 115 125 136 118 140 133 141 126 149
 103 116 143 112 108 158 144 155 85 111 114 108 131 106 156 104 82 119 94 117 111 116 135 113 151 113 159 112 127 138 120 141 134 140 127 154
 107 113 147 113 108 160 146 159 89 106 117 105 136 104 163 106 88 115 99 114 114 115 140 114 154 114 163 114 128 137 120 141 135 141 127 154
 105 112 146 111 108 157 145 155 89 105 112 104 135 103 160 102 90 115 97 113 112 113 137 112 153 112 163 111 122 131 117 136 130 136 124 153
